0000000 Radexpress Bodensee
0000001 Dieser Kurs kann bei dringenden Revisionsarbeiten ausfallen
0000002 Transalpin
0000003 1394
0000004 1398
0000005 30541
0000006 z
0000007 292
0000008 1173
0000009 Gotthard Panorama Express
0000010 Weitere Infos: http://www.sbb.ch/Gotthard-Panorama-Express
0000011 2137
0000012 2139
0000013 2347
0000014 2250
0000015 3251
0000016 3253
0000017 3255
0000018 3256
0000019 3257
0000020 2258
0000021 3258
0000022 3259
0000023 2260
0000024 3260
0000025 3261
0000026 3262
0000027 3263
0000028 3264
0000029 3265
0000030 3266
0000031 3267
0000032 3268
0000033 3269
0000034 3270
0000035 3271
0000036 3272
0000037 3273
0000038 3274
0000039 3275
0000040 3276
0000041 3277
0000042 2278
0000043 3278
0000044 3279
0000045 3280
0000046 3281
0000047 3282
0000048 3284
0000049 3286
0000050 3290
0000051 3292
0000052 3137
0000053 4741
0000054 4743
0000055 4745
0000056 4738
0000057 4740
0000058 4742
0000059 4744
0000060 4706
0000061 4708
0000062 4709
0000063 4710
0000064 4711
0000065 4712
0000066 4713
0000067 4714
0000068 4715
0000069 4716
0000070 4717
0000071 4718
0000072 4719
0000073 4720
0000074 4721
0000075 4722
0000076 4723
0000077 4724
0000078 4725
0000079 4726
0000080 4727
0000081 4728
0000082 4729
0000083 4730
0000084 4731
0000085 4732
0000086 4733
0000087 4734
0000088 4735
0000089 4736
0000090 4737
0000091 4739
0000092 3456
0000093 3458
0000094 3459
0000095 3460
0000096 3461
0000097 3462
0000098 3463
0000099 3464
0000100 3465
0000101 3466
0000102 3467
0000103 3468
0000104 3469
0000105 3470
0000106 3471
0000107 3472
0000108 3473
0000109 3474
0000110 3475
0000111 3476
0000112 3477
0000113 3478
0000114 3479
0000115 3480
0000116 3481
0000117 3482
0000118 3483
0000119 3484
0000120 3485
0000121 3486
0000122 3487
0000123 3488
0000124 3489
0000125 3490
0000126 3491
0000127 3492
0000128 3493
0000129 208
0000130 1052
0000131 52
0000132 471
0000133 375
0000134 1103
0000135 203
0000136 377
0000137 3
0000138 4
0000139 6
0000140 7
0000141 8
0000142 9
0000143 9222
0000144 1540
0000145 1549
0000146 50
0000147 51
0000148 56
0000149 57
0000150 59
0000151 1060
0000152 1068
0000153 70
0000154 71
0000155 72
0000156 73
0000157 74
0000158 75
0000159 76
0000160 77
0000161 78
0000162 79
0000163 1080
0000164 1093
0000165 1056
0000166 1057
0000167 1058
0000168 1062
0000169 1063
0000170 1065
0000171 1066
0000172 1067
0000173 1069
0000174 1070
0000175 1172
0000176 1073
0000177 1074
0000178 1075
0000179 1175
0000180 1076
0000181 10177
0000182 1077
0000183 1177
0000184 1078
0000185 1079
0000186 1082
0000187 1083
0000188 1084
0000189 1085
0000190 1087
0000191 1089
0000192 190
0000193 191
0000194 1091
0000195 194
0000196 195
0000197 1095
0000198 1096
0000199 196
0000200 1097
0000201 197
0000202 9203
0000203 9206
0000204 9210
0000205 9211
0000206 9213
0000207 9215
0000208 9218
0000209 9219
0000210 9223
0000211 9226
0000212 9230
0000213 1251
0000214 1253
0000215 1258
0000216 1260
0000217 271
0000218 275
0000219 278
0000220 333
0000221 338
0000222 371
0000223 372
0000224 373
0000225 376
0000226 2502
0000227 2503
0000228 2505
0000229 2507
0000230 2508
0000231 2509
0000232 2510
0000233 2511
0000234 2512
0000235 2513
0000236 2514
0000237 2515
0000238 2516
0000239 2517
0000240 2518
0000241 2519
0000242 2520
0000243 2521
0000244 1422
0000245 2523
0000246 2524
0000247 2525
0000248 2526
0000249 2527
0000250 2528
0000251 2529
0000252 2530
0000253 2531
0000254 2532
0000255 2533
0000256 2534
0000257 2535
0000258 2536
0000259 2537
0000260 2538
0000261 2539
0000262 2540
0000263 2542
0000264 2543
0000265 465
0000266 467
0000267 470
0000268 507
0000269 508
0000270 509
0000271 510
0000272 511
0000273 512
0000274 513
0000275 514
0000276 515
0000277 516
0000278 517
0000279 518
0000280 519
0000281 520
0000282 521
0000283 522
0000284 523
0000285 524
0000286 525
0000287 526
0000288 527
0000289 528
0000290 529
0000291 530
0000292 531
0000293 532
0000294 533
0000295 534
0000296 535
0000297 536
0000298 537
0000299 538
0000300 539
0000301 540
0000302 551
0000303 556
0000304 559
0000305 560
0000306 561
0000307 563
0000308 564
0000309 565
0000310 568
0000311 569
0000312 571
0000313 572
0000314 575
0000315 576
0000316 579
0000317 580
0000318 582
0000319 583
0000320 584
0000321 587
0000322 703
0000323 704
0000324 705
0000325 706
0000326 707
0000327 708
0000328 709
0000329 710
0000330 711
0000331 712
0000332 713
0000333 714
0000334 715
0000335 716
0000336 717
0000337 718
0000338 719
0000339 720
0000340 721
0000341 722
0000342 723
0000343 724
0000344 725
0000345 726
0000346 727
0000347 728
0000348 729
0000349 730
0000350 731
0000351 732
0000352 733
0000353 734
0000354 735
0000355 736
0000356 737
0000357 738
0000358 739
0000359 740
0000360 760
0000361 764
0000362 767
0000363 769
0000364 771
0000365 772
0000366 775
0000367 776
0000368 778
0000369 782
0000370 783
0000371 787
0000372 790
0000373 791
0000374 792
0000375 793
0000376 804
0000377 805
0000378 806
0000379 807
0000380 808
0000381 809
0000382 810
0000383 811
0000384 812
0000385 813
0000386 814
0000387 815
0000388 816
0000389 817
0000390 818
0000391 819
0000392 820
0000393 821
0000394 822
0000395 823
0000396 824
0000397 825
0000398 826
0000399 827
0000400 828
0000401 829
0000402 830
0000403 831
0000404 832
0000405 833
0000406 834
0000407 835
0000408 836
0000409 837
0000410 838
0000411 839
0000412 840
0000413 841
0000414 842
0000415 843
0000416 844
0000417 845
0000418 868
0000419 871
0000420 872
0000421 875
0000422 878
0000423 880
0000424 956
0000425 957
0000426 959
0000427 960
0000428 961
0000429 962
0000430 10963
0000431 964
0000432 965
0000433 967
0000434 968
0000435 971
0000436 972
0000437 974
0000438 975
0000439 977
0000440 978
0000441 979
0000442 980
0000443 982
0000444 983
0000445 984
0000446 986
0000447 987
0000448 989
0000449 991
0000450 993
0000451 8912
0000452 13713
0000453 13715
0000454 19016
0000455 8416
0000456 13717
0000457 8420
0000458 8920
0000459 18221
0000460 20523
0000461 8923
0000462 20524
0000463 8424
0000464 8924
0000465 20527
0000466 8927
0000467 20528
0000468 8428
0000469 8928
0000470 20531
0000471 8931
0000472 20532
0000473 8432
0000474 8932
0000475 20535
0000476 8935
0000477 20536
0000478 8436
0000479 8936
0000480 20539
0000481 8939
0000482 20540
0000483 8440
0000484 8940
0000485 20543
0000486 8943
0000487 8444
0000488 8944
0000489 8947
0000490 20548
0000491 8448
0000492 8948
0000493 20551
0000494 8951
0000495 20552
0000496 8452
0000497 8952
0000498 20555
0000499 8955
0000500 20556
0000501 8456
0000502 8956
0000503 20559
0000504 8959
0000505 20560
0000506 8460
0000507 8960
0000508 20563
0000509 8963
0000510 20564
0000511 8464
0000512 8964
0000513 20567
0000514 8967
0000515 20568
0000516 8468
0000517 8968
0000518 20571
0000519 8971
0000520 20572
0000521 8472
0000522 8972
0000523 20575
0000524 8975
0000525 20576
0000526 8476
0000527 8976
0000528 20579
0000529 8979
0000530 8980
0000531 18882
0000532 8983
0000533 18884
0000534 8984
0000535 18886
0000536 18887
0000537 8987
0000538 18888
0000539 18889
0000540 21190
0000541 18890
0000542 8991
0000543 18891
0000544 8992
0000545 18892
0000546 18893
0000547 8995
0000548 18895
0000549 19417
0000550 18117
0000551 18817
0000552 18819
0000553 18820
0000554 19621
0000555 18821
0000556 8421
0000557 18822
0000558 18823
0000559 18824
0000560 19625
0000561 18825
0000562 8425
0000563 18826
0000564 18827
0000565 18828
0000566 19629
0000567 18829
0000568 8429
0000569 18830
0000570 18831
0000571 18832
0000572 19633
0000573 18833
0000574 8433
0000575 18834
0000576 18835
0000577 18836
0000578 19637
0000579 18837
0000580 8437
0000581 18838
0000582 18839
0000583 18840
0000584 19641
0000585 18841
0000586 8441
0000587 18842
0000588 18843
0000589 18844
0000590 19645
0000591 18845
0000592 8445
0000593 18846
0000594 18847
0000595 18848
0000596 19649
0000597 18849
0000598 8449
0000599 18850
0000600 18851
0000601 18852
0000602 19653
0000603 18853
0000604 8453
0000605 18854
0000606 18855
0000607 18856
0000608 19657
0000609 18857
0000610 8457
0000611 18858
0000612 18859
0000613 18860
0000614 19661
0000615 18861
0000616 8461
0000617 18862
0000618 18863
0000619 18864
0000620 19665
0000621 18865
0000622 8565
0000623 8465
0000624 18866
0000625 18867
0000626 18868
0000627 19669
0000628 18869
0000629 8469
0000630 18870
0000631 18871
0000632 18872
0000633 19673
0000634 18873
0000635 8473
0000636 18874
0000637 18875
0000638 18876
0000639 19677
0000640 18877
0000641 8477
0000642 18878
0000643 18879
0000644 18880
0000645 8480
0000646 19681
0000647 18881
0000648 8481
0000649 18883
0000650 8484
0000651 8485
0000652 8488
0000653 8489
0000654 20492
0000655 17193
0000656 18229
0000657 8531
0000658 8532
0000659 8535
0000660 8536
0000661 18237
0000662 8539
0000663 8540
0000664 8544
0000665 8557
0000666 8548
0000667 18249
0000668 8551
0000669 8552
0000670 8553
0000671 8555
0000672 8556
0000673 8559
0000674 8560
0000675 18261
0000676 18265
0000677 18269
0000678 18273
0000679 18983
0000680 18284
0000681 18985
0000682 19584
0000683 18286
0000684 18987
0000685 18287
0000686 19586
0000687 18288
0000688 18289
0000689 19588
0000690 18291
0000691 24292
0000692 24293
0000693 18894
0000694 466
0000695 18137
0000696 18138
0000697 18133
0000698 18471
0000699 23215
0000700 23212
0000701 23102
0000702 23106
0000703 24001
0000704 24002
0000705 23004
0000706 23005
0000707 24006
0000708 23007
0000709 25108
0000710 24009
0000711 24010
0000712 25110
0000713 24011
0000714 24012
0000715 17015
0000716 24220
0000717 32
0000718 34
0000719 35
0000720 37
0000721 23038
0000722 39
0000723 25140
0000724 41
0000725 23041
0000726 25141
0000727 18442
0000728 42
0000729 25142
0000730 7843
0000731 25143
0000732 30743
0000733 2344
0000734 7845
0000735 2847
0000736 2349
0000737 23051
0000738 1301
0000739 17554
0000740 17556
0000741 2057
0000742 1337
0000743 23058
0000744 17558
0000745 2059
0000746 2060
0000747 2061
0000748 18461
0000749 23061
0000750 2062
0000751 2063
0000752 20063
0000753 2064
0000754 2065
0000755 2066
0000756 23066
0000757 2067
0000758 18467
0000759 1067
0000760 2068
0000761 2069
0000762 2070
0000763 23070
0000764 2071
0000765 2072
0000766 2073
0000767 2074
0000768 2075
0000769 2076
0000770 2077
0000771 2078
0000772 18478
0000773 2079
0000774 2080
0000775 2081
0000776 2082
0000777 24482
0000778 2083
0000779 2084
0000780 2085
0000781 8685
0000782 2086
0000783 17386
0000784 2088
0000785 24288
0000786 17588
0000787 8689
0000788 17590
0000789 24390
0000790 1991
0000791 17591
0000792 8693
0000793 20393
0000794 25193
0000795 18494
0000796 3495
0000797 3595
0000798 18498
0000799 24005
0000800 21107
0000801 25109
0000802 23110
0000803 25111
0000804 21112
0000805 24314
0000806 21115
0000807 21116
0000808 24317
0000809 24318
0000810 21119
0000811 19120
0000812 21120
0000813 19121
0000814 21123
0000815 19124
0000816 21124
0000817 19125
0000818 21127
0000819 19128
0000820 21128
0000821 19129
0000822 21131
0000823 19132
0000824 21132
0000825 19133
0000826 21135
0000827 19136
0000828 21136
0000829 25136
0000830 10737
0000831 19137
0000832 25137
0000833 25138
0000834 21139
0000835 25139
0000836 25144
0000837 19140
0000838 21140
0000839 541
0000840 19141
0000841 1743
0000842 21143
0000843 19144
0000844 21144
0000845 25145
0000846 19145
0000847 21147
0000848 4148
0000849 19148
0000850 21148
0000851 19149
0000852 25511
0000853 21151
0000854 19152
0000855 21152
0000856 19153
0000857 2155
0000858 21155
0000859 19156
0000860 21156
0000861 19157
0000862 59
0000863 17559
0000864 21159
0000865 19160
0000866 21160
0000867 17561
0000868 19161
0000869 21163
0000870 19164
0000871 21164
0000872 19165
0000873 21167
0000874 19168
0000875 21168
0000876 19169
0000877 21171
0000878 19172
0000879 21172
0000880 19173
0000881 21175
0000882 21176
0000883 19176
0000884 19177
0000885 21179
0000886 21180
0000887 19180
0000888 19181
0000889 21182
0000890 21183
0000891 21184
0000892 19184
0000893 20485
0000894 19185
0000895 21686
0000896 21186
0000897 20487
0000898 21187
0000899 20488
0000900 21188
0000901 19188
0000902 20489
0000903 19189
0000904 20490
0000905 21191
0000906 19192
0000907 7192
0000908 19193
0000909 7194
0000910 24296
0000911 1096
0000912 25195
0000913 19197
0000914 24197
0000915 18199
0000916 24401
0000917 23010
0000918 24211
0000919 24212
0000920 23015
0000921 24215
0000922 25618
0000923 25619
0000924 25621
0000925 25624
0000926 25623
0000927 25626
0000928 25625
0000929 25627
0000930 25629
0000931 1252
0000932 2252
0000933 1057
0000934 18462
0000935 18469
0000936 1075
0000937 18477
0000938 1079
0000939 18479
0000940 24281
0000941 24282
0000942 18283
0000943 8684
0000944 18285
0000945 24285
0000946 18485
0000947 3287
0000948 8688
0000949 19289
0000950 3289
0000951 24289
0000952 20491
0000953 8692
0000954 19293
0000955 3293
0000956 19294
0000957 24394
0000958 2296
0000959 24298
0000960 18402
0000961 2308
0000962 24309
0000963 2310
0000964 2312
0000965 24313
0000966 17314
0000967 17315
0000968 2316
0000969 17317
0000970 17318
0000971 17319
0000972 17321
0000973 17322
0000974 322
0000975 17323
0000976 2324
0000977 17325
0000978 17326
0000979 17327
0000980 2328
0000981 17329
0000982 17330
0000983 17331
0000984 1732
0000985 2332
0000986 17333
0000987 17334
0000988 1734
0000989 17335
0000990 2336
0000991 1736
0000992 17337
0000993 7238
0000994 2338
0000995 7239
0000996 17339
0000997 1739
0000998 2540
0000999 2340
0001000 1840
0001001 7241
0001002 17341
0001003 7240
0001004 17342
0001005 7243
0001006 7245
0001007 17345
0001008 7242
0001009 17346
0001010 17347
0001011 7244
0001012 17349
0001013 17350
0001014 17351
0001015 17353
0001016 17354
0001017 2355
0001018 17355
0001019 17357
0001020 17358
0001021 358
0001022 17359
0001023 17362
0001024 17363
0001025 18465
0001026 17366
0001027 17367
0001028 17369
0001029 17370
0001030 17371
0001031 17373
0001032 17374
0001033 17375
0001034 17377
0001035 17378
0001036 24379
0001037 24380
0001038 17381
0001039 17382
0001040 20382
0001041 24386
0001042 17383
0001043 24383
0001044 17384
0001045 17385
0001046 1085
0001047 20386
0001048 2386
0001049 17387
0001050 1837
0001051 17388
0001052 2388
0001053 17389
0001054 20389
0001055 18489
0001056 17390
0001057 20390
0001058 3590
0001059 17391
0001060 24391
0001061 2392
0001062 17393
0001063 17395
0001064 21395
0001065 24395
0001066 18405
0001067 18406
0001068 18407
0001069 23009
0001070 18410
0001071 18401
0001072 18414
0001073 18418
0001074 1826
0001075 1827
0001076 1828
0001077 1829
0001078 1830
0001079 1831
0001080 1832
0001081 1833
0001082 1834
0001083 1835
0001084 7338
0001085 1839
0001086 7340
0001087 18440
0001088 7342
0001089 543
0001090 18445
0001091 7246
0001092 1456
0001093 1458
0001094 18459
0001095 18460
0001096 18473
0001097 18474
0001098 18482
0001099 18484
0001100 20784
0001101 7385
0001102 18486
0001103 S36
0001104 24387
0001105 20788
0001106 8490
0001107 18490
0001108 18792
0001109 8492
0001110 8493
0001111 20495
0001112 7390
0001113 7387
0001114 20493
0001115 504
0001116 23006
0001117 23011
0001118 23014
0001119 1713
0001120 1715
0001121 515
0001122 516
0001123 1717
0001124 23018
0001125 1719
0001126 23019
0001127 519
0001128 1721
0001129 521
0001130 1722
0001131 23022
0001132 1723
0001133 523
0001134 1725
0001135 23026
0001136 526
0001137 1727
0001138 23027
0001139 527
0001140 528
0001141 1729
0001142 529
0001143 1731
0001144 532
0001145 1733
0001146 23034
0001147 1735
0001148 23035
0001149 1737
0001150 537
0001151 1538
0001152 539
0001153 23042
0001154 1741
0001155 1541
0001156 542
0001157 23043
0001158 20544
0001159 7346
0001160 23046
0001161 20547
0001162 1547
0001163 23047
0001164 23054
0001165 23055
0001166 23067
0001167 11682
0001168 17584
0001169 19585
0001170 17585
0001171 17586
0001172 19587
0001173 17587
0001174 19589
0001175 3490
0001176 3591
0001177 17592
0001178 20793
0001179 24993
0001180 17589
0001181 1606
0001182 1608
0001183 1610
0001184 1612
0001185 1614
0001186 18416
0001187 1616
0001188 1618
0001189 8620
0001190 1620
0001191 1622
0001192 1624
0001193 1626
0001194 1628
0001195 1630
0001196 1632
0001197 1634
0001198 1636
0001199 1638
0001200 1640
0001201 2641
0001202 1642
0001203 2643
0001204 2645
0001205 2647
0001206 668
0001207 672
0001208 18475
0001209 11677
0001210 19279
0001211 680
0001212 11681
0001213 684
0001214 24485
0001215 24985
0001216 688
0001217 1089
0001218 7389
0001219 691
0001220 7391
0001221 692
0001222 19693
0001223 30694
0001224 696
0001225 1702
0001226 1704
0001227 1706
0001228 7706
0001229 1707
0001230 1708
0001231 708
0001232 1709
0001233 1710
0001234 1711
0001235 13711
0001236 1712
0001237 17312
0001238 712
0001239 714
0001240 1716
0001241 1718
0001242 1720
0001243 722
0001244 96723
0001245 723
0001246 1724
0001247 724
0001248 725
0001249 1726
0001250 726
0001251 96727
0001252 1728
0001253 728
0001254 1730
0001255 7740
0001256 7842
0001257 7742
0001258 1743
0001259 96759
0001260 764
0001261 776
0001262 778
0001263 4788
0001264 4789
0001265 4790
0001266 4791
0001267 20791
0001268 4793
0001269 18795
0001270 20795
0001271 1804
0001272 1805
0001273 7805
0001274 1806
0001275 1807
0001276 18408
0001277 1808
0001278 1809
0001279 1810
0001280 2810
0001281 18411
0001282 1811
0001283 18412
0001284 1812
0001285 13712
0001286 2812
0001287 18413
0001288 1813
0001289 2813
0001290 1814
0001291 2814
0001292 18415
0001293 1815
0001294 2815
0001295 1816
0001296 18417
0001297 1817
0001298 2817
0001299 1818
0001300 18419
0001301 1819
0001302 18420
0001303 1820
0001304 18421
0001305 1821
0001306 18422
0001307 1822
0001308 822
0001309 18423
0001310 1823
0001311 18424
0001312 1824
0001313 18425
0001314 1825
0001315 18426
0001316 18427
0001317 18428
0001318 828
0001319 18429
0001320 829
0001321 18430
0001322 18431
0001323 18432
0001324 832
0001325 18433
0001326 833
0001327 18434
0001328 18435
0001329 18436
0001330 1836
0001331 18437
0001332 18438
0001333 1838
0001334 7838
0001335 18439
0001336 1840
0001337 7840
0001338 18441
0001339 18443
0001340 843
0001341 7844
0001342 18444
0001343 844
0001344 18446
0001345 18447
0001346 18448
0001347 18449
0001348 18450
0001349 18451
0001350 18452
0001351 18453
0001352 18454
0001353 18455
0001354 18456
0001355 18457
0001356 18458
0001357 2458
0001358 2459
0001359 2460
0001360 2461
0001361 2462
0001362 18463
0001363 2463
0001364 18464
0001365 2464
0001366 2465
0001367 2466
0001368 2467
0001369 2468
0001370 2469
0001371 2470
0001372 2471
0001373 2472
0001374 2473
0001375 2474
0001376 2475
0001377 2476
0001378 2477
0001379 2478
0001380 2479
0001381 2480
0001382 2481
0001383 2482
0001384 2483
0001385 2484
0001386 2485
0001387 2486
0001388 2487
0001389 24988
0001390 2488
0001391 2489
0001392 1702
0001393 1706
0001394 1711
0001395 1714
0001396 8919
0001397 1723
0001398 8928
0001399 17338
0001400 541
0001401 17343
0001402 8952
0001403 17361
0001404 17365
0001405 968
0001406 17379
0001407 24979
0001408 24984
0001409 11686
0001410 8988
0001411 1989
0001412 24989
0001413 11690
0001414 1990
0001415 1992
0001416 1993
0001417 3994
0001418 24994
0001419 1995
0001420 24998
0001421 S
0001422 17001
0001423 17002
0001424 18017
0001425 9219
0001426 17020
0001427 36
0001428 1543
0001429 50
0001430 52
0001431 56
0001432 2058
0001433 2059
0001434 2060
0001435 2063
0001436 2064
0001437 2065
0001438 2067
0001439 2071
0001440 1076
0001441 2079
0001442 23079
0001443 23280
0001444 2082
0001445 2083
0001446 23282
0001447 23192
0001448 4786
0001449 23288
0001450 21988
0001451 21992
0001452 7093
0001453 25100
0001454 10
0001455 3908
0001456 3910
0001457 3912
0001458 3913
0001459 3914
0001460 3915
0001461 3916
0001462 3917
0001463 3919
0001464 3920
0001465 3921
0001466 3922
0001467 3927
0001468 7146
0001469 17192
0001470 23194
0001471 25600
0001472 25601
0001473 13781
0001474 13782
0001475 13783
0001476 S1
0001477 S9
0001478 S3
0001479 315
0001480 1315
0001481 1317
0001482 2319
0001483 1319
0001484 2320
0001485 1321
0001486 2323
0001487 2327
0001488 1327
0001489 1329
0001490 2331
0001491 1331
0001492 13752
0001493 13753
0001494 13762
0001495 665
0001496 13772
0001497 13773
0001498 11685
0001499 13792
0001500 13793
0001501 2417
0001502 31317
0001503 31319
0001504 31321
0001505 2429
0001506 18493
0001507 18496
0001508 18497
0001509 2601
0001510 2602
0001511 TER
0001512 96116
0001513 96117
0001514 96138
0001515 96523
0001516 96550
0001517 96756
0001518 96609
0001519 96742
0001520 96615
0001521 96752
0001522 96774
0001523 96755
0001524 96646
0001525 96617
0001526 96648
0001527 96761
0001528 96720
0001529 96725
0001530 96578
0001531 96765
0001532 Verkehrt nicht bei wenig Frequenz
0001533 Einsteigen nur möglich, wenn es die Platzverhältnisse in den Triebwagen erlauben. Anweisung der Triebwagenführer befolgen
0001534 Weitere Infos https://www.pilatus.ch/nc/live
0001535 Bei grossem Andrang verkehren Zusatzzüge, Goldau ab xx.00
0001536 Wartet keine Anschlüsse ab
0001537 Reservation +41 76 388 39 29 mind. 90 Min vor Abfahrt (verkehrt nur nach Voranmeldung)
0001538 Telefonische Reservierung bei Oberland Reisen unter der Telefonnummer 033 828 1717 obligatorisch
0001539 001000
0001540 réservation obligatoire jusqu'à 19h00 au 032 924 25 25
0001541 Abendkurse werden ausschliesslich für Gruppen ab 10 Personen geführt. Anmeldung erforderlich bis 17.00 Uhr des Vortages Tel. 041 728 58 60
0001542 Frühstücksfahrt
0001543 Kursschiff ZVV Zonen 30 und 31, Halbtax- und Generalabonnement gültig
0001544 Der ZVV-Tarif ist auf allen Rundfahrten 105-230 nicht gültig. GA werden als Halbtax anerkannt.
0001545 Bei unsicherem Wetter ohne Gewähr; Infos unter +41 56 667 00 26
0001546 Schiffsbrunch - Reservierung erforderlich
0001547 Vom 5.-26.4., 20.9.-25.10. bei unsicherem Wetter ohne Gewähr; Infos unter +41 56 667 00 26
0001548 Mittagsfahrt
0001549 Abendrundfahrt
0001550 Frühstücksschiff
0001551 Älplerbrunch
0001552 DAMPFSCHIFF "LÖTSCHBERG"
0001553 Pour descendre, les passagers s'adressent à l'équipage; pour monter, {T} 0900 929 929 (CHF 0.50/Min)  min. 2 heures avant l'heure de départ
0001554 SAVOIE
0001555 Billets spéciaux uniquement
0001556 Navibus - autocontrôle
0001557 Navibus
0001558 Brunch-Schiff
0001559 Ohne Gewähr - über die Durchführung informieren sie sich bitte auf der Homepage des Anbieters.
0001560 Grill & Chill
0001561 Candlelight-Dampfer
0001562 Frühstücksbuffet an Sonntagen
0001563 Abfahrt ab Brunnen Föhnhafen
0001564 Thunerseebrunch
0001565 DAMPFSCHIFF "BLÜMLISALP"
0001566 Sonnenuntergangsfahrt
0001567 Niederhorn-Express
0001568 Feierabendfahrt
0001569 GRUPPEN: Reservierung obligatorisch. Reservation ab 20 Personen +41 44 487 13 35 bis 5 Tage vor Abfahrt.
0001570 an T.V Frühstück bei Voranmeldung 071 466 78 88
0001571 Fahrradtransport eingeschränkt möglich. Nicht rollstuhlgängig
0001572 Montag bis Freitag auf telefonische Voranmeldung bis 18.00Uhr am Vortag
0001573 Nur auf telefonische Voranmeldung oder auf dem Schiff bis 18 00 Uhr
0001574 Nur auf telefonische Voranmeldung bis 20 00 Uhr am Vortag
0001575 Auf Anmeldung bis 20 00 Uhr
0001576 Course pouvant être annulée en cas de mauvais temps
0001577 Abfahrt in Ried-Mörel nur zur Talfahrt nach Mörel (1.Sek)
0001578 Bei telefonischer Voranmeldung bis am Vorabend um 18 00 an Station Ried-Mörel TEL.Z 027 928 66 32
0001579 Abfahrt in Mörel, nur zur Bergfahrt nach Ried Mörel (1.Sek)
0001580 Fährt nur bei günstigen Schneeverhältnissen
0001581 Veloauslad nur in Stoss AR und Gais möglich
0001582 Kann von Juni-Sept an Sa und So bei guter Witterung einen offenen Aussichtswagen führen. Platzzahl beschränkt.
0001583 Kann von Juni-Sept an Mi, Sa und So bei guter Witterung einen offenen Aussichtswagen führen. Platzzahl beschränkt.
0001584 Frühkurs auf Anmeldung
0001585 Extrafahrt mit Spezialbillett gültig
0001586 letzte Talfahrt
0001587 Reservation +41 27 971 12 34 bis 19 Uhr am Vortag
0001588 Reservation +41 27 971 12 34 bis 19 Uhr
0001589 Weitere Infos www.marbachegg.ch
0001590 Voranmeldung bei der Fahrt um 07:30 notwendig
0001591 Reservation +41 27 932 15 50 mind. 1 Std. vor Abfahrt
0001592 Reservation +41 27 932 15 50 bis 19 Uhr
0001593 Nur Talfahrt
0001594 Reservation +41 27 938 89 99 bis 17 Uhr am Vortag
0001595 Reservation: +41 (0)33 550 50 50 bis 16.30 Uhr an Vortag
0001596 Reservation: verkehren von Montag-Freitag ab 5 Personen 033 550 50 50
0001597 Weitere Infos +41 33 671 33 33
0001598 nur bei Gruppenreservation ab 7 Personen
0001599 verkehrt nur bei schönem Wetter
0001600 verkehrt auch bei zweifelhafter Witterung
0001601 Voranmeldung obligatorisch bis Vorabend 18:00 Uhr unter  079 642 95 68
0001602 Reservation +41 79 211 55 55 mind. 1 Std. vor Abfahrt
0001603 KAMBLY ZUG
0001604 15491
0001605 15293
0001606 15494
0001607 S7
0001608 4293
0001609 6650
0001610 15291
0001611 15692
0001612 30094
0001613 15190
0001614 15191
0001615 15892
0001616 15593
0001617 15222
0001618 15283
0001619 15284
0001620 15285
0001621 15286
0001622 15287
0001623 15288
0001624 15289
0001625 15290
0001626 15294
0001627 16488
0001628 15393
0001629 3397
0001630 16421
0001631 16425
0001632 16429
0001633 16433
0001634 6437
0001635 16437
0001636 16441
0001637 16445
0001638 16449
0001639 16453
0001640 16457
0001641 16461
0001642 16465
0001643 16469
0001644 15470
0001645 16473
0001646 15474
0001647 15475
0001648 16477
0001649 15478
0001650 15479
0001651 16481
0001652 15482
0001653 15483
0001654 16485
0001655 15486
0001656 15487
0001657 15490
0001658 4391
0001659 16573
0001660 16577
0001661 16581
0001662 16585
0001663 16589
0001664 15592
0001665 6682
0001666 6684
0001667 6685
0001668 6686
0001669 15792
0001670 6845
0001671 21692
0001672 16484
0001673 16489
0001674 16493
0001675 87872
0001676 87868
0001677 RIVIERA BELLE EPOQUE
0001678 s'arrête à les Reussiles, Le Saulcy
0001679 Reservation +41 79 681 76 23 bis 22 Uhr am Reisetag
0001680 Reservation +41 79 681 76 23 mind. 1 Std. vor Abfahrt
0001681 Sportzug, verkehrt nur bei guten Wetter- und Pistenverhältnissen. Auskunft TEL.Z 027 927 77 40 Bahnhof Sedrun
0001682 Verkehrt nur bei offener Passstrasse
0001683 GLACIER EXPRESS
0001684 Weitere Infos http://www.glacierexpress.ch
0001685 CENTOVALLI EXPRESS
0001686 Reservierungen: siehe www.vigezzinacentovalli.com
0001687 TRENO PANORAMICO VIGEZZO VISION
0001688 4043
0001689 RE
0001690 4042
0001691 3842
0001692 14695
0001693 3845
0001694 Gruppen-Reservation +41 033 673 10 66
0001695 Circule uniquement sur réservation téléphonique au +41 27 764 12 71 jusqu' à 22 00
0001696 Circule uniquement sur réservation téléphonique au +41 27 764 12 71 jusqu' à 23 00
0001697 Circule uniquement sur réservation téléphonique au +41 27 764 12 71 jusqu' à 24 00
0001698 GoldenPass Panoramic 
0001699 Platzreservierung empfohlen
0001700 GoldenPass Belle Epoque 
0001701 2103
0001702 2106
0001703 2107
0001704 2108
0001705 2109
0001706 2110
0001707 2111
0001708 2112
0001709 2113
0001710 2114
0001711 2115
0001712 2116
0001713 2117
0001714 2118
0001715 2119
0001716 2120
0001717 2121
0001718 2122
0001719 2123
0001720 2124
0001721 2125
0001722 2126
0001723 2127
0001724 2128
0001725 2129
0001726 2130
0001727 2131
0001728 2132
0001729 2133
0001730 2134
0001731 2135
0001732 2136
0001733 2138
0001734 2139
0001735 2140
0001736 2142
0001737 2146
0001738 2141
0001739 2145
0001740 11184
0001741 11074
0001742 11075
0001743 11076
0001744 11077
0001745 11078
0001746 11203
0001747 11381
0001748 11382
0001749 11283
0001750 11385
0001751 11117
0001752 11386
0001753 12088
0001754 12093
0001755 11095
0001756 30195
0001757 11100
0001758 11181
0001759 11183
0001760 11185
0001761 11186
0001762 11187
0001763 11189
0001764 11191
0001765 8193
0001766 11223
0001767 11226
0001768 11227
0001769 11230
0001770 11231
0001771 11242
0001772 11246
0001773 11247
0001774 11250
0001775 11251
0001776 11254
0001777 11255
0001778 11258
0001779 11259
0001780 11262
0001781 11263
0001782 11266
0001783 11267
0001784 11270
0001785 11271
0001786 11274
0001787 11275
0001788 11278
0001789 11279
0001790 11286
0001791 11287
0001792 11188
0001793 11290
0001794 19892
0001795 11402
0001796 20636
0001797 11222
0001798 20626
0001799 20628
0001800 20630
0001801 20632
0001802 20634
0001803 11234
0001804 11235
0001805 20638
0001806 11238
0001807 11239
0001808 20640
0001809 20642
0001810 11243
0001811 8191
0001812 20613
0001813 20615
0001814 20617
0001815 20619
0001816 20621
0001817 20623
0001818 20625
0001819 20627
0001820 20629
0001821 8181
0001822 20631
0001823 8183
0001824 20633
0001825 19284
0001826 8185
0001827 20635
0001828 8187
0001829 20637
0001830 8189
0001831 20639
0001832 20641
0001833 20643
0001834 20644
0001835 20645
0001836 20646
0001837 20647
0001838 20648
0001839 20649
0001840 20650
0001841 20651
0001842 20652
0001843 20653
0001844 20654
0001845 20655
0001846 20656
0001847 20657
0001848 20658
0001849 20659
0001850 20660
0001851 20661
0001852 20662
0001853 20663
0001854 20664
0001855 20665
0001856 20666
0001857 20667
0001858 20668
0001859 20669
0001860 20670
0001861 20671
0001862 20672
0001863 20674
0001864 20676
0001865 20678
0001866 20680
0001867 20682
0001868 20684
0001869 20691
0001870 11873
0001871 11875
0001872 11877
0001873 11879
0001874 11881
0001875 11882
0001876 11883
0001877 11884
0001878 11885
0001879 11886
0001880 11887
0001881 11888
0001882 11890
0001883 11892
0001884 11894
0001885 13613
0001886 13615
0001887 13617
0001888 12003
0001889 8093
0001890 11896
0001891 SN
0001892 6044
0001893 6045
0001894 6046
0001895 6047
0001896 Arrêt au début de la route Malcroissant
0001897 Arrêt rue du village, devant la maison de commune
0001898 Place de la gare
0001899 Reservation +41 33 671 11 72
0001900 Reservation +41 79 609 12 71
0001901 Weitere Infos www.elsigen-metsch.ch
0001902 Einzelbillette innerhalb des Libero-Gebietes nicht gültig; Besonderer Fahrschein im Bus erhältlich, Info Tel. +41 32 396 08 80
0001903 Reservation +41 79 530 10 10 mind. 30 Min. vor Abfahrt
0001904 Weitere Fahrten Montag-Freitag via Ruftaxi 079 357 85 74
0001905 Gruppen-Reservation +41 034 495 64 34
0001906 Gruppen-Reservation ab 8 Pers. +41 78 609 56 96
0001907 Reservation +41 78 680 35 00 mind. 1 Std. vor Abfahrt
0001908 Reservation +41 (0)62 962 55 05 bis 18.00 Uhr am Vortag
0001909 Weitere Fahrten +41 (0)62 962 55 05 (vormittags)
0001910 Gruppen-Reservation ab 6 Pers. +41 33 843 13 43
0001911 Rufbus: Sporthotel Habkern bis 1 Std. vor Abfahrt Tel. +41 33 843 13 43
0001912 Gruppen-Reservation (3-9 Pax) +41 79 242 13 90 bis 20 Uhr am Vortag
0001913 Weitere Fahrten +41 79 242 13 90
0001914 Gruppen-Reservation +41 034 431 17 53
0001915 Gruppen ab 10 Personen bitte telefonische Reservation bis am vorangehenden Donnerstag, Extrafahrten für Gruppen von AprilOktober jederzeit möglich auf Anfrage +41 79 453 23 58
0001916 Historische Fahrzeuge, sämtliche Fahrausweise und Abonnemente (GA, Halbtax, Mobile-App Tickets usw.) ungültig, nur Spezialbillette gültig, erhältlich beim Chauffeur, weitere Infos www.oldiepost.ch/fahrplan/
0001917 Kein Niederflureinstieg, nur Handrollstühle, Voranmeldung erforderlich, alle Kurse +41 79 453 23 58
0001918 Reservierung www.comazzibus.com
0001919 Réservation +39 349 079 60 16
0001920 Weitere Infos www.pany.ch
0001921 Gruppen-Reservation +41 79 322 96 31
0001922 Schlittelzug, verkehrt nur bei guten Wetter- und Pistenverhältnissen. Auskunft +41 81 288 52 74
0001923 BERNINA EXPRESS
0001924 Reservation: www.berninaexpress.ch
0001925 Nostalgiezug
0001926 Weitere Infos: www.rhb.ch/nostalgie
0001927 Dampfzug
0001928 Hält zusätzlich in Alvaneu Bad, Dorfplatz 5 58 und Surava, Abzw. Bahnhof 6 01
0001929 Hält zusätzlich in Surava, Abzw. Bahnhof 21 53 und Alvaneu Bad, Dorfplatz 21:56
0001930 Reservation +41 81 651 55 77 mind. 3h vor Abfahrt
0001931 Abfahrt ab Gleis 2
0001932 7018
0001933 7019
0001934 7082
0001935 7083
0001936 6971
0001937 7087
0001938 7090
0001939 7086
0001940 Biciclette: regolamento su www.amsa.ch/bici
0001941 6110
0001942 6104
0001943 6105
0001944 6106
0001945 6107
0001946 6108
0001947 6109
0001948 6111
0001949 6112
0001950 6113
0001951 6114
0001952 6115
0001953 6116
0001954 6117
0001955 6118
0001956 6119
0001957 6120
0001958 6121
0001959 6122
0001960 6123
0001961 6124
0001962 6125
0001963 6126
0001964 6127
0001965 6128
0001966 6129
0001967 6130
0001968 6131
0001969 6132
0001970 6133
0001971 6134
0001972 6135
0001973 6136
0001974 6137
0001975 6141
0001976 6200
0001977 6202
0001978 6233
0001979 6236
0001980 6238
0001981 6239
0001982 26112
0001983 26111
0001984 Reservation Einstieg Felsberg Post + Tamins Post bis Fürstenau unter churbus.ch/nacht
0001985 Reservation Einstieg Felsberg Post unter churbus.ch/nacht
0001986 Reservation Einstieg Haldenstein + Untervaz unter churbus.ch/nacht
0001987 Reservation Einstieg Malans unter churbus.ch/nacht
0001988 Reservation Einstieg Outlet bis Bad Ragaz unter churbus.ch/nacht
0001989 Information und obligatorische Reservation: www.flugbus.ch
0001990 Ruftaxi: Muss mindestens eine Stunde vor Abfahrt bei Effi-Taxi Tel. 052 343 43 43 bestellt werden.
0001991 Ruftaxi: Muss mindestens eine Stunde vor Fahrtbeginn unt er Tel. 044 850 50 5 0 bestellt werden.
0001992 Info et réservations shuttle.transn.ch
0001993 RADEXPRESS DONAUTAL
0001994 0412
0001995 0644
0001996 003000
0001997 0694
0001998 000855
0001999 0879
0002000 0905
0002001 0953
0002002 1299
0002003 1868
0002004 2709
0002005 3105
0002006 3110
0002007 3144
0002008 Il prezzo del biglietto è pari a CHF 2.00 per tratta percorsa. Sono riconosciuti l'Abbonamento Generale e l'Abbonamento Arcobaleno le cui zone di validità coincidono con la tratta percorsa.
0002009 001008
0002010 3198
0002011 3203
0002012 3204
0002013 3209
0002014 3254
0002015 3277
0002016 Il prezzo del biglietto è pari a CHF 2.00 indipendentemente dalla distanza percorsa. I titoli di trasporto nazionali (AG e 1/2 prezzo) non sono riconosciuti. L'abbonamento Arcobaleno è valido se la tratta percorsa rientra nella zona di validità.
0002017 001009
0002018 3300
0002019 3320
0002020 3362
0002021 3661
0002022 0954
0002023 1875
0002024 3141
0002025 3142
0002026 1008
0002027 3143
0002028 0400
0002029 VELOS: Réservation de fin mai à octobre via www.resabike.ch (jusqu'à 16h00 le vendredi pour le week-end)
0002030 1884
0002031 Reservierung +41 81 300 30 70 mind. 48 Std. vor Abfahrt, Fährt nur bei mindestens 6 angemeldeten Personen
0002032 Reservierung +41 79 430 61 70 mind. 1 Std. vor Abfahrt.
0002033 0692
0002034 3202
0002035 3210
0002036 1885
0002037 1875
0002038 3106
0002039 3114
0002040 0693
0002041 3111
0002042 1860
0002043 3312
0002044 0393
0002045 1863
0002046 3201
0002047 3206
0002048 Nei giorni di scuola la corsa prosegue fino a Melide, Stazione.
0002049 Réservation au +41 79 663 49 53 au moins 2 heures avant le départ
0002050 1874
0002051 3208
0002052 3303
0002053 1823
0002054 1875
0002055 3262
0002056 0690
0002057 Veloreservierung +41 58 448 06 22   (Mo-Fr 07.30-12.00 | 13.30-17.00), bis 12.00 h am Vortag
0002058 0691
0002059 1241
0002060 000725
0002061 3252
0002062 0415
0002063 000765
0002064 0917
0002065 000035
0002066 0930
0002067 Veloreservierung +41 58 448 20 08 bis 16.00 Uhr am Vortag
0002068 0987
0002069 1171
0002070 1656
0002071 2452
0002072 000011
0002073 3104
0002074 3205
0002075 0901
0002076 1996
0002077 A richiesta serve parzialmente la linea 62.330, con partenza da Gerra (Gambarogno), Stazione.
0002078 3309
0002079 1897
0002080 1546
0002081 0416
0002082 1242
0002083 2454
0002084 0875
0002085 0931
0002086 1657
0002087 3101
0002088 3310
0002089 0993
0002090 0926
0002091 1994
0002092 Weitere Infos http://www.landschaftstheater-ballenberg.ch
0002093 1802
0002094 3307
0002095 0932
0002096 3268
0002097 3311
0002098 0687
0002099 1658
0002100 1896
0002101 0417
0002102 3502
0002103 3308
0002104 0418
0002105 0695
0002106 0915
0002107 0933
0002108 1659
0002109 1744
0002110 Reservierung +41 58 448 20 08 bis 16:00 Uhr am Vortag
0002111 1881
0002112 3305
0002113 1548
0002114 1873
0002115 3274
0002116 3306
0002117 0419
0002118 0696
0002119 0934
0002120 0952
0002121 1745
0002122 3213
0002123 Weitere Infos www.glacier3000.ch
0002124 0709
0002125 Abfahrtszeiten gelten als Richtzeiten
0002126 Kein Billettverkauf beim Fahrpersonal
0002127 Rufbus Bustaxi +41 81 284 55 57 mind. 1 h vor Abfahrt
0002128 Rufbus Bustaxi +41 81 284 55 57, bis 30 Min. vor Abfahrt
0002129 1883
0002130 2608
0002131 2660
0002132 Rufbus Bustaxi +41 81 284 55 57, bis 30 Min. vor Abfahrt in Chur
0002133 1884
0002134 1892
0002135 1801
0002136 0420
0002137 0990
0002138 Weitere Infos https://snow.myswitzerland.com/schneebericht/grossescheidegg-296/
0002139 3214
0002140 3259
0002141 3304
0002142 3270
0002143 3313
0002144 3115
0002145 3153
0002146 3217
0002147 3260
0002148 3215
0002149 3302
0002150 1748
0002151 3121
0002152 3272
0002153 3315
0002154 Weitere Infos www.moonliner.ch
0002155 1867
0002156 1823
0002157 1891
0002158 1009
0002159 3152
0002160 0988
0002161 2330
0002162 3273
0002163 3216
0002164 1746
0002165 Prenotazione +41 79 577 48 11 almeno 10 min. prima della corsa
0002166 Prenotazione +41 79 577 48 11 almeno 40 min. prima della corsa
0002167 1849
0002168 1998
0002169 3131
0002170 0666
0002171 002003
0002172 1401
0002173 0401
0002174 3051
0002175 1871
0002176 1846
0002177 1231
0002178 0701
0002179 1893
0002180 1894
0002181 3261
0002182 1232
0002183 1459
0002184 1856
0002185 1887
0002186 1864
0002187 2605
0002188 1823
0002189 1891
0002190 1868
0002191 1233
0002192 1823
0002193 1813
0002194 1823
0002195 1856
0002196 1234
0002197 0697
0002198 1823
0002199 1158
0002200 Circule jusqu'à Delémont, gare
0002201 1872
0002202 1883
0002203 1236
0002204 1824
0002205 1823
0002206 1813
0002207 1823
0002208 1017
0002209 1238
0002210 3154
0002211 1882
0002212 A richiesta la corsa prosegue fino a Tenero, Stazione
0002213 1240
0002214 0667
0002215 3132
0002216 2241
0002217 1876
0002218 1891
0002219 0630
0002220 1851
0002221 1886
0002222 1880
0002223 1891
0002224 1987
0002225 1878
0002226 Reservierung 0800 810 820 mind. 1 Std. vor Abfahrt. Es gilt der ZVV-Tarif. Gruppen ab 5 Pers. müssen sich mind. 2 Tage im Voraus anmelden.
0002227 1877
0002228 1891
0002229 1876
0002230 1891
0002231 0668
0002232 1887
0002233 3133
0002234 0875
0002235 0403
0002236 Reservierung +41 79 748 15 16 mind. 1 Std. vor Abfahrt.
0002237 1973
0002238 1891
0002239 1162
0002240 1877
0002241 1852
0002242 1988
0002243 1163
0002244 1255
0002245 1032
0002246 1891
0002247 3523
0002248 VELOS: Reservierung obligatorisch; siehe www.postauto.ch
0002249 1819
0002250 1848
0002251 1972
0002252 1869
0002253 1971
0002254 0679
0002255 3134
0002256 0404
0002257 1250
0002258 2760
0002259 Gruppen-Reservierung (3-9 Pax)(+41 58 341 34 90)(Mo-Fr 08.00-12.00 | 14.00-17.30)
0002260 1256
0002261 Circule jusqu'aux Reusilles
0002262 Circule jusqu'à Bassecourt, gare
0002263 0902
0002264 1870
0002265 1879
0002266 1623
0002267 1842
0002268 1875
0002269 1874
0002270 1842
0002271 1885
0002272 1545
0002273 1874
0002274 1865
0002275 1875
0002276 1885
0002277 1845
0002278 1879
0002279 1840
0002280 1844
0002281 1891
0002282 1887
0002283 1862
0002284 1891
0002285 1841
0002286 1875
0002287 1874
0002288 1841
0002289 1155
0002290 3135
0002291 1842
0002292 0405
0002293 1874
0002294 1875
0002295 1842
0002296 1895
0002297 1160
0002298 1161
0002299 1846
0002300 1901
0002301 0075
0002302 0755
0002303 0924
0002304 0928
0002305 1847
0002306 1843
0002307 1891
0002308 0406
0002309 1844
0002310 1861
0002311 1891
0002312 1261
0002313 0945
0002314 1262
0002315 0943
0002316 0942
0002317 1974
0002318 1979
0002319 1980
0002320 1985
0002321 1984
0002322 1982
0002323 1981
0002324 1974
0002325 1980
0002326 1975
0002327 1983
0002328 1978
0002329 1976
0002330 0947
0002331 0946
0002332 0948
0002333 0941
0002334 002002
0002335 1110
0002336 1660
0002337 0407
0002338 1271
0002339 1661
0002340 1272
0002341 1662
0002342 1273
0002343 1663
0002344 3282
0002345 1892
0002346 1274
0002347 0722
0002348 1822
0002349 1810
0002350 Circule jusqu'à Porrentruy, via Villars et Fontenais
0002351 1275
0002352 0287
0002353 Circule jusqu'à Bressaucourt
0002354 1276
0002355 1821
0002356 1810
0002357 1277
0002358 Circule jusqu'à Porrentruy, gare
0002359 1278
0002360 0667
0002361 0408
0002362 1281
0002363 000707
0002364 1865
0002365 1810
0002366 0721
0002367 0723
0002368 1010
0002369 1291
0002370 0072
0002371 1292
0002372 1625
0002373 1824
0002374 1823
0002375 1868
0002376 1824
0002377 1595
0002378 2422
0002379 1596
0002380 1597
0002381 1221
0002382 001002
0002383 1400
0002384 0700
0002385 0410
0002386 0920
0002387 2642
0002388 0702
0002389 0921
0002390 0712
0002391 0703
0002392 0919
0002393 0925
0002394 0704
0002395 0929
0002396 0705
0002397 3630
0002398 1311
0002399 3577
0002400 0411
0002401 1972
0002402 0922
0002403 2644
0002404 1313
0002405 2646
0002406 1871
0002407 2648
0002408 2649
0002409 1306
0002410 Reservierung +41 79 609 12 17  (täglich 19.00-22.00),  mind. 1 h vor Abfahrt
0002411 1212
0002412 1312
0002413 0163
0002414 1402
0002415 Obligatorische Reservierung +41 58 667 13 60 mind. 1 Std. vor Abfahrt
0002416 2652
0002417 2242
0002418 0881
0002419 Fährt 7 Min. später, wenn das Postauto via Wald AR verkehrt
0002420 2653
0002421 0882
0002422 1454
0002423 2651
0002424 0627
0002425 0654
0002426 1451
0002427 2640
0002428 Fährt bis Laax GR, Nagens, sofern Reisende ab Alp Nagens vorhanden
0002429 1876
0002430 1872
0002431 1891
0002432 1987
0002433 1447
0002434 3600
0002435 1878
0002436 1449
0002437 1879
0002438 1845
0002439 1216
0002440 0164
0002441 1403
0002442 2612
0002443 1878
0002444 0413
0002445 2650
0002446 0880
0002447 2212
0002448 1857
0002449 1868
0002450 1554
0002451 1565
0002452 1567
0002453 1404
0002454 1314
0002455 2734
0002456 1887
0002457 1556
0002458 1982
0002459 0927
0002460 1631
0002461 1840
0002462 1884
0002463 1631
0002464 1555
0002465 1976
0002466 1990
0002467 1821
0002468 1557
0002469 1810
0002470 1627
0002471 Reservierung +41 56 246 10 46 mind. 30 Min. vor Abfahrt
0002472 1629
0002473 2211
0002474 Reservierung +41 76 393 29 60 mind. 30 Min. vor Abfahrt. Es gilt der ZVV-Tarif.
0002475 0909
0002476 Weitere Infos http://bruenigschwinget.ch/
0002477 1215
0002478 1316
0002479 0900
0002480 1237
0002481 1976
0002482 0910
0002483 2600
0002484 Anschluss Thusis nur bei Zügen die bis xx.37 Uhr eintreffen
0002485 Reservierung www.postauto.ch/90.171, +41 58 341 34 87, bis 1 Std. vor Abfahrt in Chur
0002486 Weitere Infos www.postauto.ch Webcode 10040
0002487 Coincidenza a Bellinzona garantita solo ai treni che arrivano fino alle xx.47
0002488 Anschluss Thusis nur bei Zügen die bis xx.42 Uhr eintreffen
0002489 Coincidenza a Bellinzona garantita solo ai treni che arrivano fino alle xx.42
0002490 Reservierung +41 58 341 34 87, www.postauto.ch/90.171, bis 1 Std. vor Abfahrt in Bellinzona
0002491 Circule uniquement jusqu'à Vicques, poste
0002492 0908
0002493 0906
0002494 1213
0002495 1224
0002496 0903
0002497 1318
0002498 2201
0002499 2423
0002500 0841
0002501 Veloreservierung +41 848 100 222 bis 16:00 Uhr am Vortag
0002502 2202
0002503 0842
0002504 2203
0002505 2223
0002506 2204
0002507 2224
0002508 2421
0002509 2656
0002510 2216
0002511 2654
0002512 1369
0002513 2218
0002514 1650
0002515 2205
0002516 2504
0002517 2706
0002518 Taxikurs Reservierung +41 79 349 19 49, ab 18.00 h bis mind. 1h vor Abfahrt
0002519 2705
0002520 Reservierung +41 79 218 27 25, mind. 1h vor Abfahrt
0002521 2704
0002522 2214
0002523 0421
0002524 000713
0002525 0944
0002526 1652
0002527 2729
0002528 3074
0002529 2208
0002530 2707
0002531 3520
0002532 2700
0002533 2701
0002534 2692
0002535 2841
0002536 2842
0002537 1731
0002538 2843
0002539 1000
0002540 2708
0002541 2725
0002542 Reservierung 0848 100 222 bis 16:00 Uhr am Vortag
0002543 Reservierung +41 79 349 19 49, mind. 1h vor Abfahrt
0002544 2694
0002545 3543
0002546 0650
0002547 2243
0002548 2691
0002549 Reservation +41 81 420 20 20 bis spätestens 19 Uhr
0002550 Reservation +41 79 642 27 48 bis spätestens 19 Uhr
0002551 2245
0002552 2690
0002553 Reservation +41 81 420 20 20 mind. 1 Std. vor Abfahrt
0002554 2244
0002555 2544
0002556 3597
0002557 001001
0002558 2246
0002559 2247
0002560 0422
0002561 001005
0002562 2250
0002563 Reservierung PubliCar Oberegg-Reute +41 79 608 75 00 (Mo-Do+So 20.30-23.30 / Fr+Sa 20.30-00.30), www.postauto.ch/80.228, Zuschlag CHF 3.00
0002564 2248
0002565 2249
0002566 0423
0002567 2710
0002568 3545
0002569 2696
0002570 3546
0002571 2610
0002572 2693
0002573 3544
0002574 2698
0002575 3542
0002576 2615
0002577 2699
0002578 2695
0002579 3546
0002580 1117
0002581 2206
0002582 0424
0002583 Réservation au +41 79 579 09 23  au moins 30 minutes avant le départ
0002584 2506
0002585 3541
0002586 2210
0002587 2607
0002588 0425
0002589 3540
0002590 1002
0002591 1452
0002592 0426
0002593 3505
0002594 1001
0002595 3503
0002596 3073
0002597 3504
0002598 3506
0002599 3501
0002600 3500
0002601 0235
0002602 3633
0002603 3635
0002604 1132
0002605 0749
0002606 1700
0002607 0750
0002608 3631
0002609 0751
0002610 1701
0002611 0752
0002612 Veloreservierung +41 31 808 15 15 von 8:00 bis 17:00 Uhr
0002613 3638
0002614 3637
0002615 1133
0002616 2668
0002617 3634
0002618 0220
0002619 0219
0002620 1705
0002621 1703
0002622 0706
0002623 1723
0002624 3609
0002625 3601
0002626 1734
0002627 3602
0002628 1733
0002629 3603
0002630 3605
0002631 1544
0002632 1749
0002633 3604
0002634 1560
0002635 3606
0002636 1670
0002637 1671
0002638 1672
0002639 1674
0002640 1677
0002641 1561
0002642 1611
0002643 1615
0002644 3607
0002645 0726
0002646 3610
0002647 1617
0002648 3611
0002649 0806
0002650 0725
0002651 1619
0002652 1602
0002653 0724
0002654 0206
0002655 0203
0002656 0282
0002657 0278
0002658 3575
0002659 3578
0002660 3134
0002661 2800
0002662 Reservation +41 79 326 92 60 (Mo-So 09.00-17.00), mind. 1h vor Abfahrt
0002663 Reservierung +41 58 341 34 90 (Mo-Fr 08.00-12.00 | 14.00 - 17.30), mind. 2 Std. vor Abfahrt
0002664 2802
0002665 2770
0002666 Reservation +41 79 777 53 77 (Mo-So 08.00-12.30 | 14.30-17.00), mind.1h vor Abfahrt
0002667 002005
0002668 2767
0002669 Reservierung +41 79 296 91 54 (Mo-Fr 07.30-12.00 | 13.00-17.30, Sa-So 08.30-12.00| 13.00-17.30), mind. 1h vor Abfahrt
0002670 3663
0002671 3664
0002672 0062
0002673 0923
0002674 2602
0002675 3668
0002676 0063
0002677 Rufbus Bustaxi +41 79 503 79 76, mind. 30 Min. vor Abfahrt
0002678 0241
0002679 0173
0002680 2603
0002681 2764
0002682 2762
0002683 2787
0002684 Reservierung +41 58 341 34 90 (Mo-Fr 08.00-12.00 | 14.00-17.30), mind. 1h vor Abfahrt
0002685 2768
0002686 0240
0002687 0733
0002688 0734
0002689 0175
0002690 2771
0002691 001007
0002692 0176
0002693 2765
0002694 Reservation +41 58 341 34 90 (Mo-Fr 08.00-12.00 | 14.00-17.30), mind. 1h vor Abfahrt
0002695 Reservierung +41 79 720 48 70 (Mo-So 08.00-12.00 | 14.00-20.30), mind. 1h vor Abfahrt
0002696 2783
0002697 Reservierung +41 79 782 88 06 (Mo-Fr 08.00-12.00 | 15.00-17.30), mind. 1h vor Abfahrt
0002698 0248
0002699 2786
0002700 Reservierung +41 79 296 91 53 (Mo-Fr 08.00-12.00 | 14.00-16.00), mind. 1h vor Abfahrt
0002701 Reservierung +41 79 296 91 53 (Mo-Fr 08.00-12.00)
0002702 0171
0002703 0249
0002704 2483
0002705 2766
0002706 2484
0002707 Reservierung +41 800 799 799 (Mo-Fr 08.00-12.00 | 14.00-18.00)
0002708 Reservierung +41 79 483 83 69 (Mo-Sa 08.00-12.00 | Mo-Fr 14.00-16.00), mind. 1h vor Abfahrt
0002709 2773
0002710 2780
0002711 2781
0002712 Reservierung +41 79 594 60 27 (Mo-Fr 07.00-17.00), mind. 1h vor Abfahrt
0002713 1710
0002714 000899
0002715 0283
0002716 0213
0002717 0810
0002718 2491
0002719 2763
0002720 2492
0002721 2810
0002722 2493
0002723 2494
0002724 2495
0002725 0217
0002726 2797
0002727 0216
0002728 2818
0002729 2794
0002730 Reservierung +41 79 216 49 84 (Mo-Fr 08.00-12.00 | 16.00-17.00), mind. 1h vor Abfahrt
0002731 2796
0002732 0857
0002733 0214
0002734 0688
0002735 2790
0002736 2791
0002737 Reservierung +41 76 441 44 40 (Mo-Fr 08.00-12.00 | 13.00-16.00), mind. 1h vor Abfahrt
0002738 2811
0002739 1654
0002740 2830
0002741 Reservierung +41 79 329 61 48, mind. 1h vor Abfahrt
0002742 Richtzeiten; Verspätungen bis 15 Minuten sind möglich
0002743 Rufbus Bustaxi +41 81 651 55 77, www.thusis-taxi.ch,  mind. 1h vor Abfahrt
0002744 Rufbus Bustaxi +41 81 651 55 77, www.thusis-taxi.ch, mind. 2h vor Abfahrt
0002745 3592
0002746 2418
0002747 2415
0002748 2416
0002749 0351
0002750 Réservation au +41 79 663 52 55 au moins 2 heures avant le départ
0002751 0651
0002752 2825
0002753 2823
0002754 0641
0002755 0611
0002756 0612
0002757 2426
0002758 0352
0002759 0623
0002760 0729
0002761 2403
0002762 2824
0002763 Reservierung +41 79 329 61 78 (08.00-17.00), mind. 3h vor Abfahrt
0002764 Rufbus Bustaxi +41 79 274 00 94, mind. 1h vor Abfahrt
0002765 2411
0002766 2838
0002767 0732
0002768 0625
0002769 2402
0002770 2409
0002771 2425
0002772 0624
0002773 0622
0002774 0353
0002775 2821
0002776 2822
0002777 0237
0002778 0234
0002779 0238
0002780 0239
0002781 0354
0002782 2820
0002783 0884
0002784 3660
0002785 Reservierung +41 79 249 47 02 (täglich),  mind. 1 h vor Abfahrt
0002786 Weitere Fahrten +41 79 249 47 02  (täglich),  mind. 1 h vor Abfahrt
0002787 0883
0002788 0885
0002789 0355
0002790 Réservation au +41 79 609 01 23 au moins 1 heure avant le départ
0002791 2835
0002792 0680
0002793 000742
0002794 0889
0002795 2442
0002796 0683
0002797 2836
0002798 2446
0002799 0684
0002800 0681
0002801 2445
0002802 2441
0002803 0682
0002804 Bedarfskurs, verkehrt nur bei guter Wetterprognose; weitere Informationen: www.postauto.ch/60.554
0002805 2443
0002806 2444
0002807 0886
0002808 0231
0002809 2447
0002810 0356
0002811 0215
0002812 2448
0002813 2837
0002814 0286
0002815 2450
0002816 2449
0002817 0221
0002818 0180
0002819 0887
0002820 1673
0002821 0357
0002822 0232
0002823 2632
0002824 Reservierung +41 79 331 65 10, mind. 1h vor Abfahrt
0002825 2633
0002826 2630
0002827 Reservierung +41 79 331 65 10, bis 19.30 Uhr am Vortag
0002828 1550
0002829 Reservierung +41 56 290 91 92 mind. 30 Min. vor Abfahrt
0002830 0358
0002831 1441
0002832 2621
0002833 1442
0002834 2655
0002835 0359
0002836 Veloreservierung +41 58 386 73 44 (Mo-Fr von 08.00-12.00 / 14.00-16.00), www.postauto.ch/80.790, bis 12.00 Uhr am Vortag
0002837 0601
0002838 2670
0002839 Rufbus +41 79 680 23 38, bis 19.00 Uhr am Vortag
0002840 Rufbus +41 79 680 23 38, mind. 2h vor Abfahrt
0002841 0602
0002842 0360
0002843 0603
0002844 Reservierung +41 79 292 21 07 von 01:25 bis 02:25 Uhr
0002845 001004
0002846 2900
0002847 Rufbus +41 79 326 92 86 mind. 2 Std. vor Abfahrt
0002848 0361
0002849 0678
0002850 0757
0002851 0660
0002852 000048
0002853 0758
0002854 0756
0002855 0759
0002856 Weitere Auskunft www.gantrisch.ch/anreise
0002857 Weitere Infos +41 31 735 55 55
0002858 002000
0002859 0760
0002860 1571
0002861 0152
0002862 0362
0002863 0708
0002864 0653
0002865 Reservierung +41 58 386 99 99 bis 20:00 Uhr.
0002866 0153
0002867 2408
0002868 0363
0002869 0155
0002870 2404
0002871 0656
0002872 0707
0002873 2910
0002874 Reservierung+41 58 341 34 92 (Mo-Fr 08.00-12.00 | 13.30-17.00), www.postauto.ch/90.631, bis spätestens 08.30 Uhr am Reisetag, Samstag und Sonntag bis spätestens Freitag.
0002875 Reservierung +41 79 713 70 02 mind. 2 Std. vor Abfahrt  bis 19:30 Uhr.
0002876 0655
0002877 2406
0002878 2903
0002879 Rufbus +41 79 326 92 86 bis 17 Uhr am Vortag
0002880 0659
0002881 Reservierung +41 79 713 70 02 mind. 2 Std. vor Abfahrt  bis 18:00 Uhr.
0002882 2407
0002883 0156
0002884 2405
0002885 2845
0002886 0162
0002887 0364
0002888 Réservation au +41 79 577 46 69 au moins 1 heure avant le départ
0002889 2285
0002890 0161
0002891 0365
0002892 2414
0002893 0663
0002894 000851
0002895 0661
0002896 Reservierung\n+41 27 971 25 25 bis 17:00 Uhr am Vortag.
0002897 2446
0002898 Reservierung\n+41 27 971 25 25 bis 17:00 Uhr am Vortag
0002899 0672
0002900 Reservierung +41 27 971 25 25 von 08:30 bis 11:55 und von 14:00 bis 17:00 Uhr am Vortag.
0002901 0662
0002902 0160
0002903 0366
0002904 0247
0002905 0250
0002906 0159
0002907 1367
0002908 0158
0002909 0157
0002910 0151
0002911 1368
0002912 0368
0002913 Réservation au +41 79 629 77 51 au moins 2 heures avant le départ
0002914 0050
0002915 0052
0002916 0191
0002917 0192
0002918 3524
0002919 0370
0002920 2920
0002921 2921
0002922 Rufbus PubliCar +41 800 125 125 almeno 1 ora prima della partenza
0002923 2926
0002924 Pulmino su richiesta +41 81 844 10 42 (Lu-ve 08.00-12.00 | 13.00-17.00) almeno 1 h prima della partenza
0002925 2927
0002926 Gruppen-Reservierung ab 8 PAX +39 0342 996 283
0002927 2924
0002928 3521
0002929 1605
0002930 0371
0002931 2925
0002932 Numero posti limitato +41 800 126 126 almeno 1 ora prima della partenza
0002933 Rufbus PubliCar +41 800 126 126 almeno 1 ora prima della partenza
0002934 2922
0002935 2928
0002936 Rufbus PubliCar +41 800 126 126 almeno 1 ore prime della partenza
0002937 0044
0002938 0031
0002939 3522
0002940 0032
0002941 2020
0002942 0045
0002943 2281
0002944 2284
0002945 3593
0002946 2288
0002947 2279
0002948 0373
0002949 2282
0002950 1373
0002951 2283
0002952 0374
0002953 2298
0002954 0375
0002955 2295
0002956 0681
0002957 0376
0002958 0277
0002959 2290
0002960 2291
0002961 Reservierung im Postauto beim Chauffeur, Mo-Fr Zuschlag CHF 5.00, Sa+So ohne Zuschlag
0002962 Reservierung +41 58 386 73 44 (Mo-Fr von 08.00-12.00 / 14.00-16.00), www.postauto.ch/80.765, mind. 24 Std. vor Abfahrt, Zuschlag CHF 5.00
0002963 Reservierung beim Rest. Hulftegg +41 71 983 33 66, www.postauto.ch/80.765, mind. 20 Minuten vor Abfahrt
0002964 2289
0002965 2292
0002966 0377
0002967 2294
0002968 2293
0002969 2321
0002970 0378
0002971 0851
0002972 0852
0002973 1601
0002974 0379
0002975 Réservation au +41 58 341 24 00 (lu-ve 09h00-12h00 | 14h00-17h00)
0002976 0378
0002977 0858
0002978 2341
0002979 0853
0002980 0854
0002981 0859
0002982 0860
0002983 1106
0002984 3574
0002985 0380
0002986 0381
0002987 1104
0002988 3572
0002989 2635
0002990 3011
0002991 Veloreservierung +41 81 856 10 90 (Mo-Fr 08.00-12.00 | 13.30-18.00)
0002992 Reservierung +41 81 856 10 90 (Mo-Fr 08.00-12.00 | 13.00-18.00 h), Online www.postauto.ch/90.811,  bis 18.00 am Vortag
0002993 3012
0002994 3014
0002995 1016
0002996 2027
0002997 1100
0002998 0011
0002999 2611
0003000 0382
0003001 3571
0003002 Reservierung +41 81 858 51 66, www.postauto.ch/90.821,  bis 19 Uhr am Vortag
0003003 Veloreservierung +41 81 858 51 66 bis 19.00 Uhr am Vortag
0003004 3065
0003005 001006
0003006 2002
0003007 3060
0003008 2003
0003009 2004
0003010 2006
0003011 2008
0003012 1101
0003013 0020
0003014 0383
0003015 2805
0003016 Reservierung +41 79 211 19 17 (Mo-Fr 07.00-16.00), mind. 1h vor Abfahrt
0003017 3573
0003018 0071
0003019 2014
0003020 3066
0003021 Reservierung +41 81 858 51 66  bis 19 Uhr am Vortag
0003022 2013
0003023 3010
0003024 Reservierung +41 81 858 51 66 bis 12.30 h
0003025 2007
0003026 2009
0003027 0030
0003028 3598
0003029 0036
0003030 2012
0003031 2025
0003032 2010
0003033 0034
0003034 1384
0003035 3574
0003036 0384
0003037 0076
0003038 0033
0003039 2040
0003040 1120
0003041 1385
0003042 3569
0003043 0385
0003044 3020
0003045 3021
0003046 Rufbus Bus-Taxi +41 79 444 80 10 mind. 30 Min. vor Abfahrt
0003047 1386
0003048 3568
0003049 0386
0003050 3579
0003051 0387
0003052 1388
0003053 0388
0003054 0809
0003055 0807
0003056 0808
0003057 3580
0003058 1389
0003059 3576
0003060 0389
0003061 2330
0003062 1390
0003063 0390
0003064 0700
0003065 3050
0003066 3055
0003067 3056
0003068 3594
0003069 2030
0003070 0391
0003071 3003
0003072 1102
0003073 2031
0003074 0392
0003075 2032
0003076 3004
0003077 0878
0003078 3005
0003079 3007
0003080 2033
0003081 2035
0003082 2036
0003083 3006
0003084 0875
0003085 1305
0003086 0394
0003087 2038
0003088 3015
0003089 2021
0003090 2022
0003091 000072
0003092 1444
0003093 1304
0003094 3075
0003095 1303
0003096 2037
0003097 2287
0003098 0395
0003099 3052
0003100 1463
0003101 1440
0003102 1461
0003103 1462
0003104 0396
0003105 1412
0003106 1413
0003107 1410
0003108 2452
0003109 0398
0003110 1309
0003111 1399
0003112 0399
0003113 3569
0003114 3568
0003115 3569
0003116 Ruftaxi: Voranmeldung bis spätestens 30 Minuten vor Abfahrtszeit Tel.: +423 370 15 50
0003117 Kleinbus: Gruppenanmeldung ab 3 Personen obligatorisch unter +423 370 15 50
0003118 Im Fahrzeug nur Verkauf von Billetten des Lokaltarifs Horgen (Einzelbillett und Tageskarte).
0003119 Gruppen-Reservation ab 10 Personen am Vortag erforderlich. Tel: 033 673 74 74
0003120 Reservation Sils - St. Moritz Camping www.engadinbus.ch/fruehkurs bis 1 Std. vorAbfahrt oder telefonisch zu Bürozeiten (Mo-Fr) +41 81 837 95 78
0003121 Voralpen-Express
0003122 11482
0003123 11418
0003124 11419
0003125 11422
0003126 11423
0003127 11426
0003128 14127
0003129 11430
0003130 11431
0003131 11434
0003132 11435
0003133 11438
0003134 11439
0003135 11442
0003136 11443
0003137 11446
0003138 11447
0003139 11450
0003140 11451
0003141 11454
0003142 11455
0003143 11458
0003144 11459
0003145 11462
0003146 11463
0003147 11466
0003148 11467
0003149 11470
0003150 11471
0003151 11474
0003152 11475
0003153 11478
0003154 11479
0003155 11483
0003156 11486
0003157 11487
0003158 11490
0003159 11491
0003160 11494
0003161 2015
0003162 2016
0003163 2017
0003164 2018
0003165 2019
0003166 2021
0003167 2022
0003168 2023
0003169 2024
0003170 2025
0003171 2026
0003172 2028
0003173 2029
0003174 2032
0003175 2034
0003176 2035
0003177 2039
0003178 2045
0003179 11073
0003180 2012
0003181 2018
0003182 2022
0003183 2024
0003184 2029
0003185 2031
0003186 2035
0003187 2039
0003188 11200
0003189 11400
0003190 11467
0003191 11495
0003192 11427
0003193 SN13
0003194 Alle Kurse (Hochflurfahrzeuge mit Rollstuhllift), Information unter: 055 611 12 22
0003195 Informations +41 32 853 12 42
0003196 Réservation de groupes dès 8 pers. +41 27 783 11 43
0003197 Fahrten zum Bahnhof:Reservation 044 938 00 44 mind.halbe Std. vor Abfahrt
0003198 Fahrten zum Bahnhof: Reservation 0848 480 480 mind.halbe Std. vor Abfahrt
0003199 Gratisbus
0003200 Reservation: +41 (0)52 643 33 33 mind. 30 Min vor Abfahrt
0003201 Informations +41 027 322 71 72
0003202 Informations complémentaires www.theytaz-excursions.ch ou+41 (0) 27 282 57 13
0003203 Informations +41 027 282 57 13
0003204 Verkehrt nur nach Reservation: Mo.-Fr. +41 55 642 17 17mind. 60 Min vor Abfahrt
0003205 Regolamento su www.arlsa.ch / Reglement einsehbar auf derSeite www.arlsa.ch
0003206 Vom 16.5. - 29.5. und 12.10. - 18.10.2020 nur bei guter Witterung, weitere Infos+41 33 854 16 16
0003207 Mind. 12 Pers., Reservation erforderlich +41 33 854 16 16
0003208 Abendfahrten, mind. 12 Pers., keine Ermässigung gültig, Reservation erforderlich. +41 33 854 16 16
0003209 vom 30. Mai bis 19. Juni 2020 nur bei guter Witterung, weitere Infos +41 33 854 16 16
0003210 LUZERN-INTERLAKEN EXPRESS
0003211 LUZERN-ENGELBERG EXPRESS
0003212 Verkehrt mittwochs von Mai - Oktober ohne Niederflurwagen
0003213 SKI- UND WANDER-EXPRESS
0003214 Verkehrt von Mai - Oktober ohne Niederflurwagen
0003215 Réservation +41 24 455 43 30 au moins 60 min. avant le départ
0003216 Reservation +41 79 335 66 28 mind. 30 Min. vor Abfahrt
0003217 Reservation +41 800 80 41 00 mind. 15 Min. vor Abfahrt
0003218 Ruftaxi, verkehrt nur nach Bedarf auf telefonische Voranmeldung. Voranmeldung mind. 1 Stunde vor der Fahrt unter Tel.: 062 285 15 15 (Bad Ramsach Quellhotel)
0003219 Transport à la demande ne fonctionne que sur réservation à l'avance sur www.transalis.fr
0003220 Reservation +41 32 652 08 08 mind 30 Min vor Abfahrt
0003221 Keine Rollstuhltransporte
0003222 Gruppen-Reservation ab 6 Pers. +41 81 300 30 70
0003223 Weitere Fahrten +41 81 300 30 70
