8014358 09879  06____ 09791  06____ 001         Gottenheim
8014413 17193  06____ 17081  06____ 002         Müllheim (Baden)
8500010 31387  000011 87872  000351 001  045009 Basel SBB
8500174 00269  000043 01467  000043 000         Le Noirmont
8500218 02188  000011 00736  000011 004  044501 Olten
8500218 08920  000011 00508  000011 003  017088 Olten
8500218 08924  000011 00510  000011 003  017088 Olten
8500218 08928  000011 00512  000011 003  017088 Olten
8500218 08932  000011 00514  000011 003  017088 Olten
8500218 08936  000011 00516  000011 003  017088 Olten
8500218 08940  000011 00518  000011 003  017088 Olten
8500218 08944  000011 00520  000011 003  017088 Olten
8500218 08948  000011 00522  000011 003  017088 Olten
8500218 08952  000011 00524  000011 003  017088 Olten
8500218 08956  000011 00526  000011 003  017088 Olten
8500218 08960  000011 00528  000011 003  017088 Olten
8500218 08964  000011 00530  000011 003  017088 Olten
8500218 08968  000011 00532  000011 003  017088 Olten
8500218 08972  000011 00534  000011 003  017088 Olten
8500218 08976  000011 00536  000011 003  017088 Olten
8500218 08980  000011 00538  000011 003  017088 Olten
8500218 08984  000011 00540  000011 003  082327 Olten
8500218 08984  000011 10540  000011 003  014479 Olten
8500218 08988  000011 00542  000011 003  017088 Olten
8500218 10338  000011 17388  000011 000  045324 Olten
8500218 10338  000011 17388  000011 000  049546 Olten
8500309 02058  000011 08421  000011 005         Brugg AG
8500309 02060  000011 08425  000011 005         Brugg AG
8500309 02062  000011 08429  000011 005         Brugg AG
8500309 02064  000011 08433  000011 005         Brugg AG
8500309 02066  000011 08437  000011 005         Brugg AG
8500309 02068  000011 08441  000011 005         Brugg AG
8500309 02070  000011 08445  000011 005         Brugg AG
8500309 02072  000011 08449  000011 005         Brugg AG
8500309 02074  000011 08453  000011 005         Brugg AG
8500309 02076  000011 08457  000011 005         Brugg AG
8500309 02078  000011 08461  000011 005         Brugg AG
8500309 02080  000011 08465  000011 005         Brugg AG
8500309 02082  000011 08469  000011 005         Brugg AG
8500309 02084  000011 08473  000011 005         Brugg AG
8500309 02086  000011 08477  000011 005         Brugg AG
8500309 02088  000011 08481  000011 005         Brugg AG
8500309 04756  000011 01957  000011 004         Brugg AG
8500309 04758  000011 01959  000011 004         Brugg AG
8500309 04760  000011 01961  000011 004         Brugg AG
8500309 04762  000011 01963  000011 004         Brugg AG
8500309 04764  000011 01965  000011 004         Brugg AG
8500309 04766  000011 01967  000011 004         Brugg AG
8500309 04768  000011 01969  000011 004         Brugg AG
8500309 04770  000011 01971  000011 004         Brugg AG
8500309 04772  000011 01973  000011 004         Brugg AG
8500309 04774  000011 01975  000011 004         Brugg AG
8500309 04776  000011 01977  000011 004         Brugg AG
8500309 04778  000011 01979  000011 004         Brugg AG
8500309 04780  000011 01981  000011 004         Brugg AG
8500309 04782  000011 01983  000011 004         Brugg AG
8500309 04784  000011 01985  000011 004         Brugg AG
8500309 04786  000011 01987  000011 004         Brugg AG
8500309 04788  000011 01989  000011 004         Brugg AG
8500309 04790  000011 01991  000011 004         Brugg AG
8500309 04792  000011 01993  000011 004         Brugg AG
8500329 86282  007000 08793  000011 002         Koblenz
8500329 86284  007000 08797  000011 002         Koblenz
8501008 23009  000011 00513  000011 002         Genève
8501008 23025  000011 00521  000011 002         Genève
8501008 23033  000011 00525  000011 002         Genève
8501008 30723  000011 00723  000011 002  010211 Genève
8501008 30725  000011 00725  000011 002  010211 Genève
8501120 00542  000011 02503  000011 003  037647 Lausanne
8501120 00542  000011 03595  000011 003  037647 Lausanne
8501120 01702  000011 00509  000011 003         Lausanne
8501120 02536  000011 01739  000011 003         Lausanne
8501605 26240  007000 06240  000074 000  049233 Visp
8502202 31303  000011 21111  000011 003  009654 Rotkreuz
8502204 18518  000011 02408  000011 006         Zug
8502204 18522  000011 01456  000011 006         Zug
8502204 18526  000011 01458  000011 006         Zug
8502204 18530  000011 02412  000011 006         Zug
8502204 18534  000011 00312  000011 006         Zug
8502204 18538  000011 02416  000011 006         Zug
8502204 18542  000011 00314  000011 006         Zug
8502204 18546  000011 02420  000011 006         Zug
8502204 18550  000011 00316  000011 006         Zug
8502204 18554  000011 02424  000011 006         Zug
8502204 18558  000011 00318  000011 006         Zug
8502204 18562  000011 02428  000011 006         Zug
8502204 18566  000011 00320  000011 006         Zug
8502204 18570  000011 02432  000011 006         Zug
8502204 18574  000011 00322  000011 006         Zug
8502204 18578  000011 00310  000011 006         Zug
8502204 18582  000011 00324  000011 006         Zug
8502204 18586  000011 02440  000011 006         Zug
8503000 00706  000011 10806  000011 010  007219 Zürich HB
8503000 00708  000011 01510  000011 002         Zürich HB
8503000 00710  000011 01512  000011 002         Zürich HB
8503000 00712  000011 01514  000011 002         Zürich HB
8503000 00714  000011 01516  000011 002         Zürich HB
8503000 00716  000011 01518  000011 002         Zürich HB
8503000 00718  000011 01520  000011 002         Zürich HB
8503000 00720  000011 01522  000011 002         Zürich HB
8503000 00722  000011 01524  000011 002         Zürich HB
8503000 00724  000011 01526  000011 002         Zürich HB
8503000 00726  000011 01528  000011 002         Zürich HB
8503000 00728  000011 01530  000011 002         Zürich HB
8503000 00730  000011 01532  000011 002         Zürich HB
8503000 00732  000011 01534  000011 002         Zürich HB
8503000 00734  000011 01536  000011 002         Zürich HB
8503000 00735  000011 02141  000065 002         Zürich HB
8503000 00805  000011 00911  000011 004         Zürich HB
8503000 01507  000011 00703  000011 002         Zürich HB
8503000 01509  000011 00705  000011 002         Zürich HB
8503000 01511  000011 00707  000011 002         Zürich HB
8503000 01513  000011 00709  000011 002         Zürich HB
8503000 01515  000011 00711  000011 002         Zürich HB
8503000 01517  000011 00713  000011 002         Zürich HB
8503000 01519  000011 00715  000011 002         Zürich HB
8503000 01521  000011 00717  000011 002         Zürich HB
8503000 01523  000011 00719  000011 002         Zürich HB
8503000 01525  000011 00721  000011 002         Zürich HB
8503000 01527  000011 00723  000011 002         Zürich HB
8503000 01529  000011 00725  000011 002         Zürich HB
8503000 01531  000011 00727  000011 002         Zürich HB
8503000 01533  000011 00729  000011 002         Zürich HB
8503000 02055  000011 18818  000011 005         Zürich HB
8503000 02057  000011 18822  000011 005         Zürich HB
8503000 02059  000011 18826  000011 005         Zürich HB
8503000 02061  000011 18830  000011 005         Zürich HB
8503000 02063  000011 18834  000011 005         Zürich HB
8503000 02065  000011 18838  000011 005         Zürich HB
8503000 02067  000011 18842  000011 005         Zürich HB
8503000 02069  000011 18846  000011 005         Zürich HB
8503000 02071  000011 18850  000011 005         Zürich HB
8503000 02073  000011 18854  000011 005         Zürich HB
8503000 02075  000011 18858  000011 005         Zürich HB
8503000 02077  000011 18862  000011 005         Zürich HB
8503000 02079  000011 18866  000011 005         Zürich HB
8503000 02081  000011 18870  000011 005         Zürich HB
8503000 02083  000011 18874  000011 005         Zürich HB
8503000 02085  000011 18878  000011 005         Zürich HB
8503000 10073  000011 00929  000011 002  000724 Zürich HB
8503000 10173  000011 00929  000011 002  003439 Zürich HB
8503000 10203  000011 00567  000011 003  001250 Zürich HB
8503000 10211  000011 00573  000011 003  001250 Zürich HB
8503000 10213  000011 00577  000011 003  001250 Zürich HB
8503000 10215  000011 00581  000011 003  001250 Zürich HB
8503000 10219  000011 00585  000011 003  001250 Zürich HB
8503000 10251  000011 00911  000011 002  001250 Zürich HB
8503000 10551  000011 00557  000011 003  013292 Zürich HB
8503000 10587  000011 00597  000011 003  006433 Zürich HB
8503000 10708  000011 01510  000011 002  007418 Zürich HB
8503000 10708  000011 10808  000011 004  007219 Zürich HB
8503000 10710  000011 01512  000011 002  007418 Zürich HB
8503000 10710  000011 10810  000011 004  007219 Zürich HB
8503000 10712  000011 01514  000011 002  007418 Zürich HB
8503000 10712  000011 10812  000011 004  007219 Zürich HB
8503000 10714  000011 01516  000011 002  007418 Zürich HB
8503000 10714  000011 10814  000011 004  007219 Zürich HB
8503000 10716  000011 01518  000011 002  007418 Zürich HB
8503000 10716  000011 10816  000011 004  007219 Zürich HB
8503000 10718  000011 01520  000011 002  007418 Zürich HB
8503000 10718  000011 10818  000011 004  007219 Zürich HB
8503000 10720  000011 01522  000011 002  007418 Zürich HB
8503000 10720  000011 10820  000011 004  007219 Zürich HB
8503000 10722  000011 01524  000011 002  007418 Zürich HB
8503000 10722  000011 10822  000011 004  007219 Zürich HB
8503000 10724  000011 01526  000011 002  007418 Zürich HB
8503000 10724  000011 10824  000011 004  007219 Zürich HB
8503000 10724  000011 30724  000011 004  010211 Zürich HB
8503000 10726  000011 01528  000011 002  007418 Zürich HB
8503000 10726  000011 10826  000011 004  007219 Zürich HB
8503000 10728  000011 01530  000011 002  007418 Zürich HB
8503000 10728  000011 10828  000011 004  007219 Zürich HB
8503000 10730  000011 01532  000011 002  007418 Zürich HB
8503000 10730  000011 10830  000011 004  007219 Zürich HB
8503000 10732  000011 01534  000011 002  007418 Zürich HB
8503000 10732  000011 10832  000011 004  007219 Zürich HB
8503000 10734  000011 01536  000011 002  007418 Zürich HB
8503000 10734  000011 10834  000011 004  007219 Zürich HB
8503000 10769  000011 00921  000011 002  001250 Zürich HB
8503000 10839  000011 18892  000011 003  049546 Zürich HB
8503000 10839  000011 18892  000011 003  026443 Zürich HB
8503000 10839  000011 19093  000011 002  026443 Zürich HB
8503000 13752  000011 13712  000011 004         Zürich HB
8503000 13754  000011 13714  000011 004         Zürich HB
8503000 13756  000011 13716  000011 004         Zürich HB
8503000 13760  000011 13790  000011 004         Zürich HB
8503000 13762  000011 13792  000011 004         Zürich HB
8503000 13764  000011 13794  000011 004         Zürich HB
8503000 13766  000011 13796  000011 004         Zürich HB
8503000 13792  000011 13772  000011 004         Zürich HB
8503000 13793  000011 13713  000011 004         Zürich HB
8503000 13794  000011 13774  000011 004         Zürich HB
8503000 13795  000011 13715  000011 004         Zürich HB
8503000 13796  000011 13776  000011 004         Zürich HB
8503000 13797  000011 13717  000011 004         Zürich HB
8503000 18096  000011 13710  000011 004         Zürich HB
8503000 18096  000011 13750  000011 001         Zürich HB
8503000 18821  000011 02058  000011 004         Zürich HB
8503000 18825  000011 02060  000011 004         Zürich HB
8503000 18829  000011 02062  000011 004         Zürich HB
8503000 18833  000011 02064  000011 004         Zürich HB
8503000 18837  000011 02066  000011 004         Zürich HB
8503000 18841  000011 02068  000011 004         Zürich HB
8503000 18845  000011 02070  000011 004         Zürich HB
8503000 18849  000011 02072  000011 004         Zürich HB
8503000 18853  000011 02074  000011 004         Zürich HB
8503000 18857  000011 02076  000011 004         Zürich HB
8503000 18861  000011 02078  000011 004         Zürich HB
8503000 18865  000011 02080  000011 004         Zürich HB
8503000 18869  000011 02082  000011 004         Zürich HB
8503000 18873  000011 02084  000011 004         Zürich HB
8503000 18877  000011 02086  000011 004         Zürich HB
8503000 18881  000011 02088  000011 004         Zürich HB
8503000 18995  000011 13791  000011 001         Zürich HB
8503000 18996  000011 13770  000011 004         Zürich HB
8503000 18996  000011 13790  000011 001         Zürich HB
8503000 19197  000011 13711  000011 002         Zürich HB
8503001 19033  000011 19120  000011 004         Zürich Altstetten
8503006 02055  000011 18818  000011 004         Zürich Oerlikon
8503006 02057  000011 18822  000011 004         Zürich Oerlikon
8503006 02059  000011 18826  000011 004         Zürich Oerlikon
8503006 02060  000011 19924  000011 005         Zürich Oerlikon
8503006 02061  000011 18830  000011 004         Zürich Oerlikon
8503006 02063  000011 18834  000011 004         Zürich Oerlikon
8503006 02065  000011 18838  000011 004         Zürich Oerlikon
8503006 02067  000011 18842  000011 004         Zürich Oerlikon
8503006 02069  000011 18846  000011 004         Zürich Oerlikon
8503006 02071  000011 18850  000011 004         Zürich Oerlikon
8503006 02073  000011 18854  000011 004         Zürich Oerlikon
8503006 02075  000011 18858  000011 004         Zürich Oerlikon
8503006 02076  000011 19956  000011 005         Zürich Oerlikon
8503006 02077  000011 18862  000011 004         Zürich Oerlikon
8503006 02078  000011 19960  000011 005         Zürich Oerlikon
8503006 02079  000011 18866  000011 004         Zürich Oerlikon
8503006 02080  000011 19964  000011 005         Zürich Oerlikon
8503006 02081  000011 18870  000011 004         Zürich Oerlikon
8503006 02082  000011 19968  000011 005         Zürich Oerlikon
8503006 02083  000011 18874  000011 004         Zürich Oerlikon
8503006 02085  000011 18878  000011 004         Zürich Oerlikon
8503006 03254  000011 18922  000011 003         Zürich Oerlikon
8503006 03256  000011 18926  000011 003         Zürich Oerlikon
8503006 03258  000011 18930  000011 003         Zürich Oerlikon
8503006 03260  000011 18934  000011 003         Zürich Oerlikon
8503006 03262  000011 18938  000011 003         Zürich Oerlikon
8503006 03264  000011 18942  000011 003         Zürich Oerlikon
8503006 03266  000011 18946  000011 003         Zürich Oerlikon
8503006 03268  000011 18950  000011 003         Zürich Oerlikon
8503006 03270  000011 18954  000011 003         Zürich Oerlikon
8503006 03272  000011 18958  000011 003         Zürich Oerlikon
8503006 03274  000011 18962  000011 003         Zürich Oerlikon
8503006 03276  000011 18966  000011 003         Zürich Oerlikon
8503006 03278  000011 18970  000011 003         Zürich Oerlikon
8503006 03280  000011 18974  000011 003         Zürich Oerlikon
8503006 03282  000011 18978  000011 003         Zürich Oerlikon
8503006 03284  000011 18982  000011 003         Zürich Oerlikon
8503006 03286  000011 18986  000011 003         Zürich Oerlikon
8503006 03288  000011 18990  000011 003         Zürich Oerlikon
8503006 04909  000011 20122  000011 004         Zürich Oerlikon
8503006 04911  000011 20126  000011 004         Zürich Oerlikon
8503006 04929  000011 20162  000011 004         Zürich Oerlikon
8503006 04931  000011 20166  000011 004         Zürich Oerlikon
8503006 04933  000011 20170  000011 004         Zürich Oerlikon
8503006 18327  000011 18724  000011 004         Zürich Oerlikon
8503006 18329  000011 18726  000011 004         Zürich Oerlikon
8503006 18331  000011 18728  000011 004         Zürich Oerlikon
8503006 18369  000011 18766  000011 004         Zürich Oerlikon
8503006 18371  000011 18768  000011 004         Zürich Oerlikon
8503006 18373  000011 18770  000011 004         Zürich Oerlikon
8503006 18375  000011 18772  000011 004         Zürich Oerlikon
8503006 18723  000011 18320  000011 004         Zürich Oerlikon
8503006 18725  000011 18322  000011 004         Zürich Oerlikon
8503006 18727  000011 18324  000011 004         Zürich Oerlikon
8503006 18765  000011 18362  000011 004         Zürich Oerlikon
8503006 18767  000011 18364  000011 004         Zürich Oerlikon
8503006 18769  000011 18366  000011 004         Zürich Oerlikon
8503006 18771  000011 18368  000011 004         Zürich Oerlikon
8503006 18821  000011 02058  000011 004         Zürich Oerlikon
8503006 18825  000011 02060  000011 004         Zürich Oerlikon
8503006 18829  000011 02062  000011 004         Zürich Oerlikon
8503006 18833  000011 02064  000011 004         Zürich Oerlikon
8503006 18837  000011 02066  000011 004         Zürich Oerlikon
8503006 18841  000011 02068  000011 004         Zürich Oerlikon
8503006 18845  000011 02070  000011 004         Zürich Oerlikon
8503006 18849  000011 02072  000011 004         Zürich Oerlikon
8503006 18853  000011 02074  000011 004         Zürich Oerlikon
8503006 18857  000011 02076  000011 004         Zürich Oerlikon
8503006 18861  000011 02078  000011 004         Zürich Oerlikon
8503006 18865  000011 02080  000011 004         Zürich Oerlikon
8503006 18869  000011 02082  000011 004         Zürich Oerlikon
8503006 18873  000011 02084  000011 004         Zürich Oerlikon
8503006 18877  000011 02086  000011 004         Zürich Oerlikon
8503006 18881  000011 02088  000011 004         Zürich Oerlikon
8503006 19923  000011 02057  000011 006         Zürich Oerlikon
8503006 19927  000011 02059  000011 006         Zürich Oerlikon
8503006 19931  000011 02061  000011 006         Zürich Oerlikon
8503006 19963  000011 02077  000011 006         Zürich Oerlikon
8503006 19967  000011 02079  000011 006         Zürich Oerlikon
8503006 19971  000011 02081  000011 006         Zürich Oerlikon
8503016 00191  000011 00805  000011 005         Zürich Flughafen
8503016 00191  000011 03257  000011 012         Zürich Flughafen
8503016 00703  000011 01507  000011 012         Zürich Flughafen
8503016 00703  000011 02107  000011 003         Zürich Flughafen
8503016 00705  000011 01509  000011 012         Zürich Flughafen
8503016 00705  000011 02109  000011 003         Zürich Flughafen
8503016 00706  000011 02106  000011 009         Zürich Flughafen
8503016 00707  000011 01511  000011 012         Zürich Flughafen
8503016 00707  000011 02111  000011 003         Zürich Flughafen
8503016 00709  000011 01513  000011 012         Zürich Flughafen
8503016 00709  000011 02113  000011 003         Zürich Flughafen
8503016 00711  000011 01515  000011 012         Zürich Flughafen
8503016 00711  000011 02115  000011 003         Zürich Flughafen
8503016 00713  000011 01517  000011 012         Zürich Flughafen
8503016 00713  000011 02117  000011 003         Zürich Flughafen
8503016 00715  000011 01519  000011 012         Zürich Flughafen
8503016 00715  000011 02119  000011 003         Zürich Flughafen
8503016 00717  000011 01521  000011 012         Zürich Flughafen
8503016 00717  000011 02121  000011 003         Zürich Flughafen
8503016 00719  000011 01523  000011 012         Zürich Flughafen
8503016 00719  000011 02123  000011 003         Zürich Flughafen
8503016 00721  000011 01525  000011 012         Zürich Flughafen
8503016 00721  000011 02125  000011 003         Zürich Flughafen
8503016 00723  000011 01527  000011 012         Zürich Flughafen
8503016 00723  000011 02127  000011 003         Zürich Flughafen
8503016 00725  000011 01529  000011 012         Zürich Flughafen
8503016 00725  000011 02129  000011 003         Zürich Flughafen
8503016 00727  000011 01531  000011 012         Zürich Flughafen
8503016 00727  000011 02131  000011 003         Zürich Flughafen
8503016 00729  000011 01533  000011 012         Zürich Flughafen
8503016 00729  000011 02133  000011 003         Zürich Flughafen
8503016 00803  000011 03255  000011 010         Zürich Flughafen
8503016 00805  000011 03257  000011 010         Zürich Flughafen
8503016 00806  000011 02250  000011 005         Zürich Flughafen
8503016 00807  000011 03259  000011 010         Zürich Flughafen
8503016 00808  000011 02258  000011 005         Zürich Flughafen
8503016 00809  000011 03261  000011 010         Zürich Flughafen
8503016 00810  000011 02260  000011 005         Zürich Flughafen
8503016 00811  000011 03263  000011 010         Zürich Flughafen
8503016 00813  000011 03265  000011 010         Zürich Flughafen
8503016 00815  000011 03267  000011 010         Zürich Flughafen
8503016 00817  000011 03269  000011 010         Zürich Flughafen
8503016 00819  000011 03271  000011 010         Zürich Flughafen
8503016 00821  000011 03273  000011 010         Zürich Flughafen
8503016 00823  000011 03275  000011 010         Zürich Flughafen
8503016 00825  000011 03277  000011 010         Zürich Flughafen
8503016 00827  000011 03279  000011 010         Zürich Flughafen
8503016 00828  000011 02278  000011 005         Zürich Flughafen
8503016 00829  000011 03281  000011 010         Zürich Flughafen
8503016 00831  000011 03283  000011 010         Zürich Flughafen
8503016 00833  000011 03285  000011 010         Zürich Flughafen
8503016 00835  000011 03287  000011 010         Zürich Flughafen
8503016 00837  000011 03289  000011 008         Zürich Flughafen
8503016 00838  000011 00190  000011 005         Zürich Flughafen
8503016 01510  000011 02108  000011 010         Zürich Flughafen
8503016 01512  000011 02110  000011 010         Zürich Flughafen
8503016 01514  000011 02112  000011 010         Zürich Flughafen
8503016 01516  000011 02114  000011 010         Zürich Flughafen
8503016 01518  000011 02116  000011 010         Zürich Flughafen
8503016 01520  000011 02118  000011 010         Zürich Flughafen
8503016 01522  000011 02120  000011 010         Zürich Flughafen
8503016 01524  000011 02122  000011 010         Zürich Flughafen
8503016 01526  000011 02124  000011 010         Zürich Flughafen
8503016 01528  000011 02126  000011 010         Zürich Flughafen
8503016 01530  000011 02128  000011 010         Zürich Flughafen
8503016 01532  000011 02130  000011 010         Zürich Flughafen
8503016 01534  000011 02132  000011 010         Zürich Flughafen
8503016 01536  000011 02134  000011 010         Zürich Flughafen
8503016 01538  000011 02136  000011 010         Zürich Flughafen
8503016 02259  000011 00807  000011 005         Zürich Flughafen
8503016 02259  000011 03259  000011 012         Zürich Flughafen
8503016 02277  000011 00825  000011 005         Zürich Flughafen
8503016 02277  000011 03277  000011 012         Zürich Flughafen
8503016 02297  000011 03281  000011 012         Zürich Flughafen
8503016 03254  000011 00806  000011 011         Zürich Flughafen
8503016 03256  000011 00808  000011 011         Zürich Flughafen
8503016 03258  000011 00810  000011 011         Zürich Flughafen
8503016 03260  000011 00812  000011 011         Zürich Flughafen
8503016 03262  000011 00814  000011 011         Zürich Flughafen
8503016 03264  000011 00816  000011 011         Zürich Flughafen
8503016 03266  000011 00818  000011 011         Zürich Flughafen
8503016 03268  000011 00820  000011 011         Zürich Flughafen
8503016 03270  000011 00822  000011 011         Zürich Flughafen
8503016 03272  000011 00824  000011 011         Zürich Flughafen
8503016 03274  000011 00826  000011 011         Zürich Flughafen
8503016 03276  000011 00828  000011 011         Zürich Flughafen
8503016 03278  000011 00830  000011 011         Zürich Flughafen
8503016 03280  000011 00832  000011 011         Zürich Flughafen
8503016 03282  000011 00834  000011 011         Zürich Flughafen
8503016 03284  000011 00836  000011 011         Zürich Flughafen
8503016 03286  000011 00838  000011 011         Zürich Flughafen
8503016 03288  000011 00840  000011 011         Zürich Flughafen
8503123 18517  000011 19420  000011 004         Wetzikon
8503123 18519  000011 19422  000011 004         Wetzikon
8503123 18521  000011 19424  000011 004         Wetzikon
8503123 18523  000011 19426  000011 004         Wetzikon
8503123 18525  000011 19428  000011 004         Wetzikon
8503123 18527  000011 19430  000011 004         Wetzikon
8503123 18529  000011 19432  000011 004         Wetzikon
8503123 18531  000011 19434  000011 004         Wetzikon
8503123 18533  000011 19436  000011 004         Wetzikon
8503123 18535  000011 19438  000011 004         Wetzikon
8503123 18537  000011 19440  000011 004         Wetzikon
8503123 18539  000011 19442  000011 004         Wetzikon
8503123 18541  000011 19444  000011 004         Wetzikon
8503123 18543  000011 19446  000011 004         Wetzikon
8503123 18545  000011 19448  000011 004         Wetzikon
8503123 18547  000011 19450  000011 004         Wetzikon
8503123 18549  000011 19452  000011 004         Wetzikon
8503123 18551  000011 19454  000011 004         Wetzikon
8503123 18553  000011 19456  000011 004         Wetzikon
8503123 18555  000011 19458  000011 004         Wetzikon
8503123 18557  000011 19460  000011 004         Wetzikon
8503123 18559  000011 19462  000011 004         Wetzikon
8503123 18561  000011 19464  000011 004         Wetzikon
8503123 18563  000011 19466  000011 004         Wetzikon
8503123 18565  000011 19468  000011 004         Wetzikon
8503123 18567  000011 19470  000011 004         Wetzikon
8503123 18569  000011 19472  000011 004         Wetzikon
8503123 18571  000011 19474  000011 004         Wetzikon
8503123 18573  000011 19476  000011 004         Wetzikon
8503123 18575  000011 19478  000011 004         Wetzikon
8503123 18577  000011 19480  000011 004         Wetzikon
8503123 18579  000011 19482  000011 004         Wetzikon
8503123 18581  000011 19484  000011 004         Wetzikon
8503123 18583  000011 19486  000011 004         Wetzikon
8503123 18585  000011 19488  000011 004         Wetzikon
8503123 18587  000011 19490  000011 004         Wetzikon
8503123 18589  000011 19492  000011 004         Wetzikon
8503123 19417  000011 18520  000011 004         Wetzikon
8503123 19419  000011 18522  000011 004         Wetzikon
8503123 19421  000011 18524  000011 004         Wetzikon
8503123 19423  000011 18526  000011 004         Wetzikon
8503123 19425  000011 18528  000011 004         Wetzikon
8503123 19427  000011 18530  000011 004         Wetzikon
8503123 19429  000011 18532  000011 004         Wetzikon
8503123 19431  000011 18534  000011 004         Wetzikon
8503123 19433  000011 18536  000011 004         Wetzikon
8503123 19435  000011 18538  000011 004         Wetzikon
8503123 19437  000011 18540  000011 004         Wetzikon
8503123 19439  000011 18542  000011 004         Wetzikon
8503123 19441  000011 18544  000011 004         Wetzikon
8503123 19443  000011 18546  000011 004         Wetzikon
8503123 19445  000011 18548  000011 004         Wetzikon
8503123 19447  000011 18550  000011 004         Wetzikon
8503123 19449  000011 18552  000011 004         Wetzikon
8503123 19451  000011 18554  000011 004         Wetzikon
8503123 19453  000011 18556  000011 004         Wetzikon
8503123 19455  000011 18558  000011 004         Wetzikon
8503123 19457  000011 18560  000011 004         Wetzikon
8503123 19459  000011 18562  000011 004         Wetzikon
8503123 19461  000011 18564  000011 004         Wetzikon
8503123 19463  000011 18566  000011 004         Wetzikon
8503123 19465  000011 18568  000011 004         Wetzikon
8503123 19467  000011 18570  000011 004         Wetzikon
8503123 19469  000011 18572  000011 004         Wetzikon
8503123 19471  000011 18574  000011 004         Wetzikon
8503123 19473  000011 18576  000011 004         Wetzikon
8503123 19475  000011 18578  000011 002         Wetzikon
8503123 19477  000011 18580  000011 002         Wetzikon
8503123 19479  000011 18582  000011 002         Wetzikon
8503123 19481  000011 18584  000011 004         Wetzikon
8503123 19483  000011 18586  000011 004         Wetzikon
8503123 19485  000011 18588  000011 004         Wetzikon
8503123 19487  000011 18590  000011 004         Wetzikon
8503123 19489  000011 18592  000011 004         Wetzikon
8503123 19491  000011 18594  000011 004         Wetzikon
8503209 03458  000011 18223  000011 005         Pfäffikon SZ
8503209 03459  000011 18824  000011 004         Pfäffikon SZ
8503209 03460  000011 18227  000011 005         Pfäffikon SZ
8503209 03461  000011 18828  000011 004         Pfäffikon SZ
8503209 03462  000011 18231  000011 005         Pfäffikon SZ
8503209 03463  000011 18832  000011 004         Pfäffikon SZ
8503209 03464  000011 18235  000011 005         Pfäffikon SZ
8503209 03465  000011 18836  000011 004         Pfäffikon SZ
8503209 03466  000011 18239  000011 005         Pfäffikon SZ
8503209 03467  000011 18840  000011 004         Pfäffikon SZ
8503209 03468  000011 18243  000011 005         Pfäffikon SZ
8503209 03469  000011 18844  000011 004         Pfäffikon SZ
8503209 03470  000011 18247  000011 005         Pfäffikon SZ
8503209 03471  000011 18848  000011 004         Pfäffikon SZ
8503209 03472  000011 18251  000011 005         Pfäffikon SZ
8503209 03473  000011 18852  000011 004         Pfäffikon SZ
8503209 03474  000011 18255  000011 005         Pfäffikon SZ
8503209 03475  000011 18856  000011 004         Pfäffikon SZ
8503209 03476  000011 18259  000011 005         Pfäffikon SZ
8503209 03477  000011 18860  000011 004         Pfäffikon SZ
8503209 03478  000011 18263  000011 005         Pfäffikon SZ
8503209 03479  000011 18864  000011 004         Pfäffikon SZ
8503209 03480  000011 18267  000011 005         Pfäffikon SZ
8503209 03481  000011 18868  000011 004         Pfäffikon SZ
8503209 03482  000011 18271  000011 005         Pfäffikon SZ
8503209 03483  000011 18872  000011 004         Pfäffikon SZ
8503209 03484  000011 18275  000011 005         Pfäffikon SZ
8503209 03485  000011 18876  000011 004         Pfäffikon SZ
8503209 03486  000011 18279  000011 005         Pfäffikon SZ
8503209 03487  000011 18880  000011 004         Pfäffikon SZ
8503209 03488  000011 18283  000011 005         Pfäffikon SZ
8503209 03489  000011 18884  000011 004         Pfäffikon SZ
8503209 03490  000011 18287  000011 005         Pfäffikon SZ
8503209 03491  000011 18888  000011 004         Pfäffikon SZ
8503209 03492  000011 18291  000011 004         Pfäffikon SZ
8503209 03493  000011 18892  000011 004         Pfäffikon SZ
8503209 13751  000011 13781  000011 001         Pfäffikon SZ
8503209 13753  000011 13783  000011 001         Pfäffikon SZ
8503209 13755  000011 13785  000011 001         Pfäffikon SZ
8503209 13757  000011 13787  000011 001         Pfäffikon SZ
8503209 18220  000011 18820  000011 004         Pfäffikon SZ
8503209 18222  000011 18822  000011 004         Pfäffikon SZ
8503209 18224  000011 03459  000011 004         Pfäffikon SZ
8503209 18224  000011 18824  000011 004         Pfäffikon SZ
8503209 18226  000011 18826  000011 004         Pfäffikon SZ
8503209 18228  000011 03461  000011 004         Pfäffikon SZ
8503209 18228  000011 18828  000011 004         Pfäffikon SZ
8503209 18230  000011 18830  000011 004         Pfäffikon SZ
8503209 18232  000011 03463  000011 004         Pfäffikon SZ
8503209 18232  000011 18832  000011 004         Pfäffikon SZ
8503209 18234  000011 18834  000011 004         Pfäffikon SZ
8503209 18236  000011 03465  000011 004         Pfäffikon SZ
8503209 18236  000011 18836  000011 004         Pfäffikon SZ
8503209 18238  000011 18838  000011 004         Pfäffikon SZ
8503209 18240  000011 03467  000011 004         Pfäffikon SZ
8503209 18240  000011 18840  000011 004         Pfäffikon SZ
8503209 18242  000011 18842  000011 004         Pfäffikon SZ
8503209 18244  000011 03469  000011 004         Pfäffikon SZ
8503209 18244  000011 18844  000011 004         Pfäffikon SZ
8503209 18246  000011 18846  000011 004         Pfäffikon SZ
8503209 18248  000011 03471  000011 004         Pfäffikon SZ
8503209 18248  000011 18848  000011 004         Pfäffikon SZ
8503209 18250  000011 18850  000011 004         Pfäffikon SZ
8503209 18252  000011 03473  000011 004         Pfäffikon SZ
8503209 18252  000011 18852  000011 004         Pfäffikon SZ
8503209 18254  000011 18854  000011 004         Pfäffikon SZ
8503209 18256  000011 03475  000011 004         Pfäffikon SZ
8503209 18256  000011 18856  000011 004         Pfäffikon SZ
8503209 18258  000011 18858  000011 004         Pfäffikon SZ
8503209 18260  000011 03477  000011 004         Pfäffikon SZ
8503209 18260  000011 18860  000011 004         Pfäffikon SZ
8503209 18262  000011 18862  000011 004         Pfäffikon SZ
8503209 18264  000011 03479  000011 004         Pfäffikon SZ
8503209 18264  000011 18864  000011 004         Pfäffikon SZ
8503209 18266  000011 18866  000011 004         Pfäffikon SZ
8503209 18268  000011 03481  000011 004         Pfäffikon SZ
8503209 18268  000011 18868  000011 004         Pfäffikon SZ
8503209 18270  000011 18870  000011 004         Pfäffikon SZ
8503209 18272  000011 03483  000011 004         Pfäffikon SZ
8503209 18272  000011 18872  000011 004         Pfäffikon SZ
8503209 18274  000011 18874  000011 004         Pfäffikon SZ
8503209 18276  000011 03485  000011 004         Pfäffikon SZ
8503209 18276  000011 18876  000011 004         Pfäffikon SZ
8503209 18278  000011 18878  000011 004         Pfäffikon SZ
8503209 18280  000011 03487  000011 004         Pfäffikon SZ
8503209 18280  000011 18880  000011 004         Pfäffikon SZ
8503209 18282  000011 18882  000011 004         Pfäffikon SZ
8503209 18284  000011 03489  000011 004         Pfäffikon SZ
8503209 18284  000011 18884  000011 004         Pfäffikon SZ
8503209 18286  000011 18886  000011 004         Pfäffikon SZ
8503209 18288  000011 03491  000011 004         Pfäffikon SZ
8503209 18288  000011 18888  000011 004         Pfäffikon SZ
8503209 18821  000011 18526  000011 001         Pfäffikon SZ
8503209 18825  000011 18530  000011 001         Pfäffikon SZ
8503209 18829  000011 18534  000011 001         Pfäffikon SZ
8503209 18833  000011 18538  000011 001         Pfäffikon SZ
8503209 18837  000011 18542  000011 001         Pfäffikon SZ
8503209 18841  000011 18546  000011 001         Pfäffikon SZ
8503209 18845  000011 18550  000011 001         Pfäffikon SZ
8503209 18849  000011 18554  000011 001         Pfäffikon SZ
8503209 18853  000011 18558  000011 001         Pfäffikon SZ
8503209 18857  000011 18562  000011 001         Pfäffikon SZ
8503209 18861  000011 18566  000011 001         Pfäffikon SZ
8503209 18865  000011 18570  000011 001         Pfäffikon SZ
8503209 18869  000011 18574  000011 001         Pfäffikon SZ
8503209 18873  000011 18578  000011 001         Pfäffikon SZ
8503209 18877  000011 18582  000011 001         Pfäffikon SZ
8503209 18881  000011 18586  000011 001         Pfäffikon SZ
8503209 18885  000011 16987  000082 002         Pfäffikon SZ
8503209 18889  000011 16991  000082 002         Pfäffikon SZ
8503209 18892  000011 03493  000011 004         Pfäffikon SZ
8503209 20523  000011 18826  000011 005         Pfäffikon SZ
8503209 20527  000011 18830  000011 005         Pfäffikon SZ
8503209 20531  000011 18834  000011 005         Pfäffikon SZ
8503209 20535  000011 18838  000011 005         Pfäffikon SZ
8503209 20539  000011 18842  000011 005         Pfäffikon SZ
8503209 20543  000011 18846  000011 005         Pfäffikon SZ
8503209 20547  000011 18850  000011 005         Pfäffikon SZ
8503209 20551  000011 18854  000011 005         Pfäffikon SZ
8503209 20555  000011 18858  000011 005         Pfäffikon SZ
8503209 20559  000011 18862  000011 005         Pfäffikon SZ
8503209 20563  000011 18866  000011 005         Pfäffikon SZ
8503209 20567  000011 18870  000011 005         Pfäffikon SZ
8503209 20571  000011 18874  000011 005         Pfäffikon SZ
8503209 20575  000011 18878  000011 005         Pfäffikon SZ
8503209 20579  000011 18882  000011 005         Pfäffikon SZ
8503225 11613  000011 11036  000065 001         Ziegelbrücke
8503225 11617  000011 03459  000011 001         Ziegelbrücke
8503225 11621  000011 03461  000011 001         Ziegelbrücke
8503225 11625  000011 03463  000011 001         Ziegelbrücke
8503225 11629  000011 03465  000011 001         Ziegelbrücke
8503225 11633  000011 03467  000011 001         Ziegelbrücke
8503225 11637  000011 03469  000011 001         Ziegelbrücke
8503225 11641  000011 03471  000011 001         Ziegelbrücke
8503225 11645  000011 03473  000011 001         Ziegelbrücke
8503225 11649  000011 03475  000011 001         Ziegelbrücke
8503225 11653  000011 03477  000011 001         Ziegelbrücke
8503225 11657  000011 03479  000011 001         Ziegelbrücke
8503225 11661  000011 03481  000011 001         Ziegelbrücke
8503225 11665  000011 03483  000011 001         Ziegelbrücke
8503225 11669  000011 03485  000011 001         Ziegelbrücke
8503225 11673  000011 03487  000011 001         Ziegelbrücke
8503225 11677  000011 03489  000011 001         Ziegelbrücke
8503225 11681  000011 03491  000011 001         Ziegelbrücke
8503225 11685  000011 03493  000011 002         Ziegelbrücke
8503284 16883  000082 16982  000082 000         Biberbrugg
8503284 16887  000082 16986  000082 000         Biberbrugg
8503284 16891  000082 16990  000082 000         Biberbrugg
8503284 16920  000082 16820  000082 000  000010 Biberbrugg
8503286 16921  000082 18013  000082 000         Samstagern
8503286 16965  000082 18089  000082 000         Samstagern
8503286 18018  000082 16920  000082 000         Samstagern
8503286 18090  000082 16966  000082 000         Samstagern
8503424 11811  000065 20425  000011 001         Schaffhausen
8503424 11815  000065 20429  000011 001         Schaffhausen
8503424 11819  000065 20433  000011 001         Schaffhausen
8503424 11823  000065 20437  000011 001         Schaffhausen
8503424 11827  000065 20441  000011 001         Schaffhausen
8503424 11831  000065 20445  000011 001         Schaffhausen
8503424 11835  000065 20449  000011 001         Schaffhausen
8503424 11839  000065 20453  000011 001         Schaffhausen
8503424 11843  000065 20457  000011 001         Schaffhausen
8503424 11847  000065 20461  000011 001         Schaffhausen
8503424 11851  000065 20465  000011 001         Schaffhausen
8503424 11855  000065 20469  000011 001         Schaffhausen
8503424 11859  000065 20473  000011 001         Schaffhausen
8503424 11863  000065 20477  000011 001         Schaffhausen
8503424 11867  000065 20481  000011 001         Schaffhausen
8503503 08416  000011 19219  000011 004         Turgi
8503503 08417  000011 04756  000011 005         Turgi
8503503 08420  000011 19223  000011 004         Turgi
8503503 08421  000011 04758  000011 005         Turgi
8503503 08424  000011 19227  000011 004         Turgi
8503503 08425  000011 04760  000011 005         Turgi
8503503 08428  000011 19231  000011 004         Turgi
8503503 08429  000011 04762  000011 005         Turgi
8503503 08432  000011 19235  000011 004         Turgi
8503503 08433  000011 04764  000011 005         Turgi
8503503 08436  000011 19239  000011 004         Turgi
8503503 08437  000011 04766  000011 005         Turgi
8503503 08440  000011 19243  000011 004         Turgi
8503503 08441  000011 04768  000011 005         Turgi
8503503 08444  000011 19247  000011 004         Turgi
8503503 08445  000011 04770  000011 005         Turgi
8503503 08448  000011 19251  000011 004         Turgi
8503503 08449  000011 04772  000011 005         Turgi
8503503 08452  000011 19255  000011 004         Turgi
8503503 08453  000011 04774  000011 005         Turgi
8503503 08456  000011 19259  000011 004         Turgi
8503503 08457  000011 04776  000011 005         Turgi
8503503 08460  000011 19263  000011 004         Turgi
8503503 08461  000011 04778  000011 005         Turgi
8503503 08464  000011 19267  000011 004         Turgi
8503503 08465  000011 04780  000011 005         Turgi
8503503 08468  000011 19271  000011 004         Turgi
8503503 08469  000011 04782  000011 005         Turgi
8503503 08472  000011 19275  000011 004         Turgi
8503503 08473  000011 04784  000011 005         Turgi
8503503 08476  000011 19279  000011 004         Turgi
8503503 08477  000011 04786  000011 005         Turgi
8503503 08480  000011 19283  000011 004         Turgi
8503503 08481  000011 04788  000011 005         Turgi
8503503 08484  000011 19287  000011 004         Turgi
8503503 08485  000011 04790  000011 005         Turgi
8503503 08488  000011 19291  000011 004         Turgi
8503503 08489  000011 04792  000011 003         Turgi
8503504 08758  000011 02178  000011 005  000010 Baden
8503504 08762  000011 02180  000011 005  000010 Baden
8503504 18692  000011 19292  000011 001         Baden
8503504 19221  000011 18621  000011 006         Baden
8503504 19223  000011 18623  000011 006         Baden
8503504 19225  000011 18625  000011 006         Baden
8503504 19227  000011 18627  000011 006         Baden
8503504 19229  000011 18629  000011 006         Baden
8503504 19231  000011 18631  000011 006         Baden
8503504 19233  000011 18633  000011 006         Baden
8503504 19235  000011 18635  000011 006         Baden
8503504 19237  000011 18637  000011 006         Baden
8503504 19239  000011 18639  000011 006         Baden
8503504 19241  000011 18641  000011 006         Baden
8503504 19243  000011 18643  000011 006         Baden
8503504 19245  000011 18645  000011 006         Baden
8503504 19247  000011 18647  000011 006         Baden
8503504 19249  000011 18649  000011 006         Baden
8503504 19251  000011 18651  000011 006         Baden
8503504 19253  000011 18653  000011 006         Baden
8503504 19255  000011 18655  000011 006         Baden
8503504 19257  000011 18657  000011 006         Baden
8503504 19259  000011 18659  000011 006         Baden
8503504 19261  000011 18661  000011 006         Baden
8503504 19263  000011 18663  000011 006         Baden
8503504 19265  000011 18665  000011 006         Baden
8503504 19267  000011 18667  000011 006         Baden
8503504 19269  000011 18669  000011 006         Baden
8503504 19271  000011 18671  000011 006         Baden
8503504 19273  000011 18673  000011 006         Baden
8503504 19275  000011 18675  000011 006         Baden
8503504 19277  000011 18677  000011 006         Baden
8503504 19279  000011 18679  000011 006         Baden
8503504 19281  000011 18681  000011 006         Baden
8503504 19283  000011 18683  000011 006         Baden
8503504 19285  000011 18685  000011 006         Baden
8503504 19287  000011 18687  000011 006         Baden
8503504 19289  000011 18689  000011 006         Baden
8503504 19291  000011 18691  000011 006         Baden
8503504 19293  000011 18693  000011 006         Baden
8503504 19956  000011 02177  000011 006         Baden
8503504 19960  000011 02179  000011 006         Baden
8503504 19964  000011 02181  000011 006         Baden
8503504 19968  000011 02183  000011 006         Baden
8503505 18620  000011 19220  000011 007         Wettingen
8503505 18622  000011 19222  000011 007         Wettingen
8503505 18624  000011 04760  000011 009         Wettingen
8503505 18624  000011 19224  000011 007         Wettingen
8503505 18626  000011 19226  000011 007         Wettingen
8503505 18628  000011 19228  000011 007         Wettingen
8503505 18630  000011 19230  000011 007         Wettingen
8503505 18632  000011 19232  000011 007         Wettingen
8503505 18634  000011 19234  000011 007         Wettingen
8503505 18636  000011 19236  000011 007         Wettingen
8503505 18638  000011 19238  000011 007         Wettingen
8503505 18640  000011 19240  000011 007         Wettingen
8503505 18642  000011 19242  000011 007         Wettingen
8503505 18644  000011 19244  000011 007         Wettingen
8503505 18646  000011 19246  000011 007         Wettingen
8503505 18648  000011 19248  000011 007         Wettingen
8503505 18650  000011 19250  000011 007         Wettingen
8503505 18652  000011 19252  000011 007         Wettingen
8503505 18654  000011 19254  000011 007         Wettingen
8503505 18656  000011 19256  000011 007         Wettingen
8503505 18658  000011 19258  000011 007         Wettingen
8503505 18660  000011 19260  000011 007         Wettingen
8503505 18662  000011 19262  000011 007         Wettingen
8503505 18664  000011 19264  000011 007         Wettingen
8503505 18666  000011 19266  000011 007         Wettingen
8503505 18668  000011 19268  000011 007         Wettingen
8503505 18670  000011 19270  000011 007         Wettingen
8503505 18672  000011 19272  000011 007         Wettingen
8503505 18674  000011 19274  000011 007         Wettingen
8503505 18676  000011 19276  000011 007         Wettingen
8503505 18678  000011 19278  000011 007         Wettingen
8503505 18680  000011 19280  000011 007         Wettingen
8503505 18682  000011 19282  000011 007         Wettingen
8503505 18684  000011 19284  000011 007         Wettingen
8503505 18686  000011 19286  000011 007         Wettingen
8503505 18688  000011 19288  000011 007         Wettingen
8503505 18690  000011 19290  000011 007         Wettingen
8503505 18692  000011 19292  000011 005         Wettingen
8503505 19220  000011 04758  000011 004         Wettingen
8503505 19224  000011 04760  000011 004         Wettingen
8503505 19228  000011 04762  000011 004         Wettingen
8503505 19232  000011 04764  000011 004         Wettingen
8503505 19236  000011 04766  000011 004         Wettingen
8503505 19240  000011 04768  000011 004         Wettingen
8503505 19244  000011 04770  000011 004         Wettingen
8503505 19248  000011 04772  000011 004         Wettingen
8503505 19252  000011 04774  000011 004         Wettingen
8503505 19256  000011 04776  000011 004         Wettingen
8503505 19260  000011 04778  000011 004         Wettingen
8503505 19264  000011 04780  000011 004         Wettingen
8503505 19268  000011 04782  000011 004         Wettingen
8503505 19272  000011 04784  000011 004         Wettingen
8503505 19276  000011 04786  000011 004         Wettingen
8503505 19280  000011 04788  000011 004         Wettingen
8503505 19284  000011 04790  000011 004         Wettingen
8503505 19288  000011 04792  000011 004         Wettingen
8503508 19033  000011 19218  000011 004         Dietikon
8503508 19923  000011 02057  000011 006         Dietikon
8503508 19925  000011 19035  000011 005         Dietikon
8503508 19927  000011 02059  000011 006         Dietikon
8503508 19931  000011 02061  000011 006         Dietikon
8503508 19963  000011 02077  000011 006         Dietikon
8503508 19967  000011 02079  000011 006         Dietikon
8503508 19971  000011 02081  000011 006         Dietikon
8504070 02210  000064 14755  000053 001  000010 Montbovon
8504200 14507  000011 01554  000011 001         Yverdon-les-Bains
8504221 01511  000011 03960  000011 002         Neuchâtel
8504221 01513  000011 03962  000011 002         Neuchâtel
8504221 01515  000011 03964  000011 002         Neuchâtel
8504221 01517  000011 03966  000011 002         Neuchâtel
8504221 01519  000011 03968  000011 002         Neuchâtel
8504221 01521  000011 03970  000011 002         Neuchâtel
8504221 01523  000011 03972  000011 002         Neuchâtel
8504221 01525  000011 03974  000011 002         Neuchâtel
8504221 01527  000011 03976  000011 002         Neuchâtel
8504221 01529  000011 03978  000011 002         Neuchâtel
8504221 01531  000011 03980  000011 002         Neuchâtel
8504221 01533  000011 03982  000011 002         Neuchâtel
8504221 01535  000011 03984  000011 002         Neuchâtel
8504221 01537  000011 03986  000011 002         Neuchâtel
8504221 01539  000011 03988  000011 002         Neuchâtel
8504221 01541  000011 03990  000011 002         Neuchâtel
8504221 01543  000011 03992  000011 002         Neuchâtel
8504221 01545  000011 03994  000011 002         Neuchâtel
8504221 03959  000011 01504  000011 002         Neuchâtel
8504221 03961  000011 01506  000011 002         Neuchâtel
8504221 03963  000011 01508  000011 002         Neuchâtel
8504221 03965  000011 01510  000011 002         Neuchâtel
8504221 03967  000011 01512  000011 002         Neuchâtel
8504221 03969  000011 01514  000011 002         Neuchâtel
8504221 03971  000011 01516  000011 002         Neuchâtel
8504221 03973  000011 01518  000011 002         Neuchâtel
8504221 03975  000011 01520  000011 002         Neuchâtel
8504221 03977  000011 01522  000011 002         Neuchâtel
8504221 03979  000011 01524  000011 002         Neuchâtel
8504221 03981  000011 01526  000011 002         Neuchâtel
8504221 03983  000011 01528  000011 002         Neuchâtel
8504221 03985  000011 01530  000011 002         Neuchâtel
8504221 03987  000011 01532  000011 002         Neuchâtel
8504221 03989  000011 01534  000011 002         Neuchâtel
8504221 03991  000011 01536  000011 002         Neuchâtel
8504221 03993  000011 01538  000011 002         Neuchâtel
8504221 10540  000011 06976  000011 001  045324 Neuchâtel
8504221 10540  000011 06976  000011 001  049546 Neuchâtel
8504300 10540  000011 07342  000011 002  049546 Biel/Bienne
8504300 10540  000011 07342  000011 002  045324 Biel/Bienne
8504300 10540  000011 08154  000038 002  049546 Biel/Bienne
8504300 10540  000011 18198  000011 001  045324 Biel/Bienne
8504300 10540  000011 18198  000011 001  049546 Biel/Bienne
8505000 10435  000011 00691  000011 000  007219 Luzern
8505004 21283  000011 61283  007000 002  017348 Arth-Goldau
8505004 21379  000011 16883  000082 003         Arth-Goldau
8505004 21383  000011 16887  000082 003         Arth-Goldau
8505112 00691  000011 31691  007000 002  003184 Flüelen
8505213 55620  007000 04302  000011 002  001322 Bellinzona
8505213 55624  007000 04304  000011 002  001322 Bellinzona
8505213 55628  007000 04306  000011 002  001322 Bellinzona
8506000 00191  000011 18729  000011 009         Winterthur
8506000 00195  000011 18753  000011 009         Winterthur
8506000 00197  000011 18773  000011 009         Winterthur
8506000 00703  000011 02107  000011 005         Winterthur
8506000 00703  000011 18727  000011 009         Winterthur
8506000 00705  000011 02109  000011 005         Winterthur
8506000 00705  000011 18731  000011 009         Winterthur
8506000 00706  000011 02106  000011 010         Winterthur
8506000 00707  000011 02111  000011 005         Winterthur
8506000 00707  000011 18735  000011 009         Winterthur
8506000 00709  000011 02113  000011 005         Winterthur
8506000 00709  000011 18739  000011 009         Winterthur
8506000 00711  000011 02115  000011 005         Winterthur
8506000 00711  000011 18743  000011 009         Winterthur
8506000 00713  000011 02117  000011 005         Winterthur
8506000 00713  000011 18747  000011 009         Winterthur
8506000 00715  000011 02119  000011 005         Winterthur
8506000 00715  000011 18751  000011 009         Winterthur
8506000 00717  000011 02121  000011 005         Winterthur
8506000 00717  000011 18755  000011 009         Winterthur
8506000 00719  000011 02123  000011 005         Winterthur
8506000 00719  000011 18759  000011 009         Winterthur
8506000 00721  000011 02125  000011 005         Winterthur
8506000 00721  000011 18763  000011 009         Winterthur
8506000 00723  000011 02127  000011 005         Winterthur
8506000 00723  000011 18767  000011 009         Winterthur
8506000 00725  000011 02129  000011 005         Winterthur
8506000 00725  000011 18771  000011 009         Winterthur
8506000 00727  000011 02131  000011 005         Winterthur
8506000 00727  000011 18775  000011 009         Winterthur
8506000 00729  000011 02133  000011 005         Winterthur
8506000 00729  000011 18779  000011 009         Winterthur
8506000 00803  000011 03255  000011 010         Winterthur
8506000 00803  000011 18725  000011 007         Winterthur
8506000 00805  000011 03257  000011 010         Winterthur
8506000 00805  000011 18729  000011 007         Winterthur
8506000 00806  000011 02250  000011 005         Winterthur
8506000 00807  000011 03259  000011 010         Winterthur
8506000 00807  000011 18733  000011 007         Winterthur
8506000 00808  000011 02258  000011 005         Winterthur
8506000 00809  000011 03261  000011 010         Winterthur
8506000 00809  000011 18737  000011 007         Winterthur
8506000 00810  000011 02260  000011 005         Winterthur
8506000 00811  000011 03263  000011 010         Winterthur
8506000 00811  000011 18741  000011 007         Winterthur
8506000 00813  000011 03265  000011 010         Winterthur
8506000 00813  000011 18745  000011 007         Winterthur
8506000 00815  000011 03267  000011 010         Winterthur
8506000 00815  000011 18749  000011 007         Winterthur
8506000 00817  000011 03269  000011 010         Winterthur
8506000 00817  000011 18753  000011 007         Winterthur
8506000 00819  000011 03271  000011 010         Winterthur
8506000 00819  000011 18757  000011 007         Winterthur
8506000 00821  000011 03273  000011 010         Winterthur
8506000 00821  000011 18761  000011 007         Winterthur
8506000 00823  000011 03275  000011 010         Winterthur
8506000 00823  000011 18765  000011 007         Winterthur
8506000 00825  000011 03277  000011 010         Winterthur
8506000 00825  000011 18769  000011 007         Winterthur
8506000 00827  000011 03279  000011 010         Winterthur
8506000 00827  000011 18773  000011 007         Winterthur
8506000 00828  000011 02278  000011 005         Winterthur
8506000 00829  000011 03281  000011 010         Winterthur
8506000 00829  000011 18777  000011 007         Winterthur
8506000 00831  000011 03283  000011 010         Winterthur
8506000 00831  000011 18781  000011 007         Winterthur
8506000 00833  000011 03285  000011 010         Winterthur
8506000 00833  000011 18785  000011 007         Winterthur
8506000 00835  000011 03287  000011 010         Winterthur
8506000 00835  000011 18789  000011 007         Winterthur
8506000 00837  000011 03289  000011 010         Winterthur
8506000 00837  000011 18793  000011 007         Winterthur
8506000 01510  000011 02108  000011 010         Winterthur
8506000 01512  000011 02110  000011 010         Winterthur
8506000 01514  000011 02112  000011 010         Winterthur
8506000 01516  000011 02114  000011 010         Winterthur
8506000 01518  000011 02116  000011 010         Winterthur
8506000 01520  000011 02118  000011 010         Winterthur
8506000 01522  000011 02120  000011 010         Winterthur
8506000 01524  000011 02122  000011 010         Winterthur
8506000 01526  000011 02124  000011 010         Winterthur
8506000 01528  000011 02126  000011 010         Winterthur
8506000 01530  000011 02128  000011 010         Winterthur
8506000 01532  000011 02130  000011 010         Winterthur
8506000 01534  000011 02132  000011 010         Winterthur
8506000 01536  000011 02134  000011 010         Winterthur
8506000 01538  000011 02136  000011 010         Winterthur
8506000 01540  000011 02138  000011 010         Winterthur
8506000 02107  000011 01507  000011 010         Winterthur
8506000 02107  000011 18727  000011 007         Winterthur
8506000 02108  000011 00708  000011 005         Winterthur
8506000 02109  000011 01509  000011 010         Winterthur
8506000 02109  000011 18731  000011 007         Winterthur
8506000 02110  000011 00710  000011 005         Winterthur
8506000 02111  000011 01511  000011 010         Winterthur
8506000 02111  000011 18735  000011 007         Winterthur
8506000 02112  000011 00712  000011 005         Winterthur
8506000 02113  000011 01513  000011 010         Winterthur
8506000 02113  000011 18739  000011 007         Winterthur
8506000 02114  000011 00714  000011 005         Winterthur
8506000 02115  000011 01515  000011 010         Winterthur
8506000 02115  000011 18743  000011 007         Winterthur
8506000 02116  000011 00716  000011 005         Winterthur
8506000 02117  000011 01517  000011 010         Winterthur
8506000 02117  000011 18747  000011 007         Winterthur
8506000 02118  000011 00718  000011 005         Winterthur
8506000 02119  000011 01519  000011 010         Winterthur
8506000 02119  000011 18751  000011 007         Winterthur
8506000 02120  000011 00720  000011 005         Winterthur
8506000 02121  000011 01521  000011 010         Winterthur
8506000 02121  000011 18755  000011 007         Winterthur
8506000 02122  000011 00722  000011 005         Winterthur
8506000 02123  000011 01523  000011 010         Winterthur
8506000 02123  000011 18759  000011 007         Winterthur
8506000 02124  000011 00724  000011 005         Winterthur
8506000 02125  000011 01525  000011 010         Winterthur
8506000 02125  000011 18763  000011 007         Winterthur
8506000 02126  000011 00726  000011 005         Winterthur
8506000 02127  000011 01527  000011 010         Winterthur
8506000 02127  000011 18767  000011 007         Winterthur
8506000 02128  000011 00728  000011 005         Winterthur
8506000 02129  000011 01529  000011 010         Winterthur
8506000 02129  000011 18771  000011 007         Winterthur
8506000 02130  000011 00730  000011 005         Winterthur
8506000 02131  000011 01531  000011 010         Winterthur
8506000 02131  000011 18775  000011 007         Winterthur
8506000 02132  000011 00732  000011 005         Winterthur
8506000 02133  000011 01533  000011 010         Winterthur
8506000 02133  000011 18779  000011 007         Winterthur
8506000 02134  000011 00734  000011 005         Winterthur
8506000 02135  000011 01535  000011 010         Winterthur
8506000 02137  000011 01537  000011 010         Winterthur
8506000 02137  000011 18787  000011 007         Winterthur
8506000 02139  000011 01539  000011 010         Winterthur
8506000 02139  000011 18791  000011 007         Winterthur
8506000 02141  000065 01549  000011 010         Winterthur
8506000 02141  000065 18791  000011 007         Winterthur
8506000 02259  000011 00807  000011 005         Winterthur
8506000 02259  000011 18733  000011 009         Winterthur
8506000 02277  000011 00825  000011 005         Winterthur
8506000 02277  000011 18769  000011 009         Winterthur
8506000 02295  000011 00823  000011 005         Winterthur
8506000 02295  000011 18765  000011 009         Winterthur
8506000 03256  000011 00808  000011 010         Winterthur
8506000 03258  000011 00810  000011 010         Winterthur
8506000 03260  000011 00812  000011 010         Winterthur
8506000 03262  000011 00814  000011 010         Winterthur
8506000 03264  000011 00816  000011 010         Winterthur
8506000 03266  000011 00818  000011 010         Winterthur
8506000 03268  000011 00820  000011 010         Winterthur
8506000 03270  000011 00822  000011 010         Winterthur
8506000 03272  000011 00824  000011 010         Winterthur
8506000 03274  000011 00826  000011 010         Winterthur
8506000 03276  000011 00828  000011 010         Winterthur
8506000 03278  000011 00830  000011 010         Winterthur
8506000 03280  000011 00832  000011 010         Winterthur
8506000 03282  000011 00834  000011 010         Winterthur
8506000 03284  000011 00836  000011 010         Winterthur
8506000 03286  000011 00838  000011 010         Winterthur
8506000 03288  000011 00840  000011 010         Winterthur
8506000 10837  000011 08189  000065 001  008748 Winterthur
8506000 10837  000011 19289  000011 001  008748 Winterthur
8506000 10837  000011 20989  000065 001  008748 Winterthur
8506000 18718  000011 00806  000011 007         Winterthur
8506000 18718  000011 02250  000011 009         Winterthur
8506000 18720  000011 00708  000011 009         Winterthur
8506000 18720  000011 02108  000011 007         Winterthur
8506000 18722  000011 00808  000011 007         Winterthur
8506000 18722  000011 02258  000011 009         Winterthur
8506000 18724  000011 00710  000011 009         Winterthur
8506000 18724  000011 02110  000011 007         Winterthur
8506000 18726  000011 00810  000011 007         Winterthur
8506000 18726  000011 02260  000011 009         Winterthur
8506000 18728  000011 00712  000011 009         Winterthur
8506000 18728  000011 02112  000011 007         Winterthur
8506000 18730  000011 00812  000011 007         Winterthur
8506000 18732  000011 00714  000011 009         Winterthur
8506000 18732  000011 02114  000011 007         Winterthur
8506000 18734  000011 00814  000011 007         Winterthur
8506000 18736  000011 00716  000011 009         Winterthur
8506000 18736  000011 02116  000011 007         Winterthur
8506000 18738  000011 00196  000011 009         Winterthur
8506000 18738  000011 00816  000011 007         Winterthur
8506000 18740  000011 00718  000011 009         Winterthur
8506000 18740  000011 02118  000011 007         Winterthur
8506000 18742  000011 00818  000011 007         Winterthur
8506000 18744  000011 00720  000011 009         Winterthur
8506000 18744  000011 02120  000011 007         Winterthur
8506000 18746  000011 00820  000011 007         Winterthur
8506000 18748  000011 00722  000011 009         Winterthur
8506000 18748  000011 02122  000011 007         Winterthur
8506000 18750  000011 00822  000011 007         Winterthur
8506000 18752  000011 00724  000011 009         Winterthur
8506000 18752  000011 02124  000011 007         Winterthur
8506000 18754  000011 00824  000011 007         Winterthur
8506000 18756  000011 00726  000011 009         Winterthur
8506000 18756  000011 02126  000011 007         Winterthur
8506000 18758  000011 00194  000011 009         Winterthur
8506000 18758  000011 00826  000011 007         Winterthur
8506000 18760  000011 00728  000011 009         Winterthur
8506000 18760  000011 02128  000011 007         Winterthur
8506000 18762  000011 00828  000011 007         Winterthur
8506000 18762  000011 02278  000011 009         Winterthur
8506000 18764  000011 00730  000011 009         Winterthur
8506000 18764  000011 02130  000011 007         Winterthur
8506000 18766  000011 00830  000011 007         Winterthur
8506000 18768  000011 00732  000011 009         Winterthur
8506000 18768  000011 02132  000011 007         Winterthur
8506000 18770  000011 00832  000011 007         Winterthur
8506000 18772  000011 00734  000011 009         Winterthur
8506000 18772  000011 02134  000011 007         Winterthur
8506000 18774  000011 00834  000011 007         Winterthur
8506000 18776  000011 02136  000011 007         Winterthur
8506000 18778  000011 00836  000011 007         Winterthur
8506000 18780  000011 02138  000011 007         Winterthur
8506000 18780  000011 02140  000065 007         Winterthur
8506000 18782  000011 00190  000011 009         Winterthur
8506000 18782  000011 00838  000011 007         Winterthur
8506000 18784  000011 02144  000065 007         Winterthur
8506000 18786  000011 00840  000011 007         Winterthur
8506000 18816  000011 19220  000011 004         Winterthur
8506000 18818  000011 19222  000011 004         Winterthur
8506000 18820  000011 19224  000011 004         Winterthur
8506000 18822  000011 19226  000011 004         Winterthur
8506000 18824  000011 19228  000011 004         Winterthur
8506000 18826  000011 19230  000011 004         Winterthur
8506000 18828  000011 19232  000011 004         Winterthur
8506000 18830  000011 19234  000011 004         Winterthur
8506000 18832  000011 19236  000011 004         Winterthur
8506000 18834  000011 19238  000011 004         Winterthur
8506000 18836  000011 19240  000011 004         Winterthur
8506000 18838  000011 19242  000011 004         Winterthur
8506000 18840  000011 19244  000011 004         Winterthur
8506000 18842  000011 19246  000011 004         Winterthur
8506000 18844  000011 19248  000011 004         Winterthur
8506000 18846  000011 19250  000011 004         Winterthur
8506000 18848  000011 19252  000011 004         Winterthur
8506000 18850  000011 19254  000011 004         Winterthur
8506000 18852  000011 19256  000011 004         Winterthur
8506000 18854  000011 19258  000011 004         Winterthur
8506000 18856  000011 19260  000011 004         Winterthur
8506000 18858  000011 19262  000011 004         Winterthur
8506000 18860  000011 19264  000011 004         Winterthur
8506000 18862  000011 19266  000011 004         Winterthur
8506000 18864  000011 19268  000011 004         Winterthur
8506000 18866  000011 19270  000011 004         Winterthur
8506000 18868  000011 19272  000011 004         Winterthur
8506000 18870  000011 19274  000011 004         Winterthur
8506000 18872  000011 19276  000011 004         Winterthur
8506000 18874  000011 19278  000011 004         Winterthur
8506000 18876  000011 19280  000011 004         Winterthur
8506000 19219  000011 18823  000011 004         Winterthur
8506000 19221  000011 18825  000011 004         Winterthur
8506000 19223  000011 18827  000011 004         Winterthur
8506000 19225  000011 18829  000011 004         Winterthur
8506000 19227  000011 18831  000011 004         Winterthur
8506000 19229  000011 18833  000011 004         Winterthur
8506000 19231  000011 18835  000011 004         Winterthur
8506000 19233  000011 18837  000011 004         Winterthur
8506000 19235  000011 18839  000011 004         Winterthur
8506000 19237  000011 18841  000011 004         Winterthur
8506000 19239  000011 18843  000011 004         Winterthur
8506000 19241  000011 18845  000011 004         Winterthur
8506000 19243  000011 18847  000011 004         Winterthur
8506000 19245  000011 18849  000011 004         Winterthur
8506000 19247  000011 18851  000011 004         Winterthur
8506000 19249  000011 18853  000011 004         Winterthur
8506000 19251  000011 18855  000011 004         Winterthur
8506000 19253  000011 18857  000011 004         Winterthur
8506000 19255  000011 18859  000011 004         Winterthur
8506000 19257  000011 18861  000011 004         Winterthur
8506000 19259  000011 18863  000011 004         Winterthur
8506000 19261  000011 18865  000011 004         Winterthur
8506000 19263  000011 18867  000011 004         Winterthur
8506000 19265  000011 18869  000011 004         Winterthur
8506000 19267  000011 18871  000011 004         Winterthur
8506000 19269  000011 18873  000011 004         Winterthur
8506000 19271  000011 18875  000011 004         Winterthur
8506000 19273  000011 18877  000011 004         Winterthur
8506000 19275  000011 18879  000011 004         Winterthur
8506000 19277  000011 18881  000011 004         Winterthur
8506000 20622  000065 19022  000011 001         Winterthur
8506000 20624  000065 19024  000011 001         Winterthur
8506000 20626  000065 19026  000011 001         Winterthur
8506000 20628  000065 19028  000011 001         Winterthur
8506000 20630  000065 19030  000011 001         Winterthur
8506001 20620  000065 19220  000011 003         Winterthur Grüze
8506001 20624  000065 19224  000011 003         Winterthur Grüze
8506001 20628  000065 19228  000011 003         Winterthur Grüze
8506001 20632  000065 19232  000011 003         Winterthur Grüze
8506001 20636  000065 19236  000011 003         Winterthur Grüze
8506001 20640  000065 19240  000011 003         Winterthur Grüze
8506001 20644  000065 19244  000011 003         Winterthur Grüze
8506001 20648  000065 19248  000011 003         Winterthur Grüze
8506001 20652  000065 19252  000011 003         Winterthur Grüze
8506001 20656  000065 19256  000011 003         Winterthur Grüze
8506001 20660  000065 19260  000011 003         Winterthur Grüze
8506001 20664  000065 19264  000011 003         Winterthur Grüze
8506001 20668  000065 19268  000011 003         Winterthur Grüze
8506001 20672  000065 19272  000011 003         Winterthur Grüze
8506001 20676  000065 19276  000011 003         Winterthur Grüze
8506001 20680  000065 19280  000011 003         Winterthur Grüze
8506001 20684  000065 19284  000011 003         Winterthur Grüze
8506100 00803  000011 20427  000011 016         Frauenfeld
8506100 00805  000011 20431  000011 016         Frauenfeld
8506100 00806  000011 07062  000051 001         Frauenfeld
8506100 00807  000011 20435  000011 016         Frauenfeld
8506100 00809  000011 20439  000011 016         Frauenfeld
8506100 00811  000011 20443  000011 016         Frauenfeld
8506100 00812  000011 07092  000051 001         Frauenfeld
8506100 00813  000011 20447  000011 016         Frauenfeld
8506100 00815  000011 20451  000011 016         Frauenfeld
8506100 00817  000011 20455  000011 016         Frauenfeld
8506100 00819  000011 20459  000011 016         Frauenfeld
8506100 00821  000011 20463  000011 016         Frauenfeld
8506100 00823  000011 20467  000011 016         Frauenfeld
8506100 00825  000011 20471  000011 016         Frauenfeld
8506100 00827  000011 20475  000011 016         Frauenfeld
8506100 00828  000011 07172  000051 001         Frauenfeld
8506100 00829  000011 20479  000011 016         Frauenfeld
8506100 00831  000011 20483  000011 016         Frauenfeld
8506100 00833  000011 18087  000011 016         Frauenfeld
8506100 00835  000011 08090  000065 016         Frauenfeld
8506100 00837  000011 08094  000065 016         Frauenfeld
8506100 02106  000011 07058  000051 001         Frauenfeld
8506100 02108  000011 07068  000051 001         Frauenfeld
8506100 02110  000011 07078  000051 001         Frauenfeld
8506100 02112  000011 07088  000051 001         Frauenfeld
8506100 02114  000011 07098  000051 001         Frauenfeld
8506100 02116  000011 07108  000051 001         Frauenfeld
8506100 02118  000011 07118  000051 001         Frauenfeld
8506100 02120  000011 07128  000051 001         Frauenfeld
8506100 02122  000011 07138  000051 001         Frauenfeld
8506100 02124  000011 07148  000051 001         Frauenfeld
8506100 02126  000011 07158  000051 001         Frauenfeld
8506100 02128  000011 07168  000051 001         Frauenfeld
8506100 02130  000011 07178  000051 001         Frauenfeld
8506100 02132  000011 07188  000051 001         Frauenfeld
8506100 02134  000011 07198  000051 001         Frauenfeld
8506100 02136  000011 07208  000051 001         Frauenfeld
8506100 02138  000011 07218  000051 001         Frauenfeld
8506100 02140  000065 07218  000051 001         Frauenfeld
8506100 02142  000065 07228  000051 001         Frauenfeld
8506100 02146  000065 07238  000051 001         Frauenfeld
8506100 08081  000065 00838  000011 014         Frauenfeld
8506100 08085  000065 00840  000011 014         Frauenfeld
8506100 20416  000011 00806  000011 015         Frauenfeld
8506100 20420  000011 00808  000011 015         Frauenfeld
8506100 20424  000011 00810  000011 015         Frauenfeld
8506100 20428  000011 00812  000011 015         Frauenfeld
8506100 20432  000011 00814  000011 015         Frauenfeld
8506100 20436  000011 00816  000011 015         Frauenfeld
8506100 20440  000011 00818  000011 015         Frauenfeld
8506100 20444  000011 00820  000011 015         Frauenfeld
8506100 20448  000011 00822  000011 015         Frauenfeld
8506100 20452  000011 00824  000011 015         Frauenfeld
8506100 20456  000011 00826  000011 015         Frauenfeld
8506100 20460  000011 00828  000011 015         Frauenfeld
8506100 20464  000011 00830  000011 015         Frauenfeld
8506100 20468  000011 00832  000011 015         Frauenfeld
8506100 20472  000011 00834  000011 015         Frauenfeld
8506100 20476  000011 00836  000011 015         Frauenfeld
8506105 08093  000065 12003  000065 001         Weinfelden
8506105 10837  000011 12088  000065 000  007948 Weinfelden
8506105 10837  000011 12093  000065 000  007948 Weinfelden
8506105 12002  000065 13600  000065 001         Weinfelden
8506121 10835  000011 11789  000065 001  008748 Romanshorn
8506121 10837  000011 11701  000065 000  007948 Romanshorn
8506121 10837  000011 11889  000065 001  007948 Romanshorn
8506128 11815  000065 05212  000065 003         Kreuzlingen Hafen
8506128 11819  000065 05214  000065 003         Kreuzlingen Hafen
8506128 11823  000065 05216  000065 003         Kreuzlingen Hafen
8506128 11827  000065 05218  000065 003         Kreuzlingen Hafen
8506128 11831  000065 05220  000065 003         Kreuzlingen Hafen
8506128 11835  000065 05222  000065 003         Kreuzlingen Hafen
8506128 11839  000065 05224  000065 003         Kreuzlingen Hafen
8506128 11843  000065 05226  000065 003         Kreuzlingen Hafen
8506128 11847  000065 05228  000065 003         Kreuzlingen Hafen
8506128 11851  000065 05230  000065 003         Kreuzlingen Hafen
8506128 11855  000065 05232  000065 003         Kreuzlingen Hafen
8506128 11859  000065 05234  000065 003         Kreuzlingen Hafen
8506128 11863  000065 05236  000065 003         Kreuzlingen Hafen
8506128 11867  000065 05238  000065 003         Kreuzlingen Hafen
8506128 11871  000065 05240  000065 003         Kreuzlingen Hafen
8506131 02103  000011 11824  000065 001  000001 Kreuzlingen
8506131 02107  000011 11828  000065 001         Kreuzlingen
8506131 02109  000011 11832  000065 001         Kreuzlingen
8506131 02111  000011 11836  000065 001         Kreuzlingen
8506131 02113  000011 11840  000065 001         Kreuzlingen
8506131 02115  000011 11844  000065 001         Kreuzlingen
8506131 02117  000011 11848  000065 001         Kreuzlingen
8506131 02119  000011 11852  000065 001         Kreuzlingen
8506131 02121  000011 11856  000065 001         Kreuzlingen
8506131 02123  000011 11860  000065 001         Kreuzlingen
8506131 02125  000011 11864  000065 001         Kreuzlingen
8506131 02127  000011 11868  000065 001         Kreuzlingen
8506131 02129  000011 11872  000065 001         Kreuzlingen
8506131 02131  000011 11876  000065 001         Kreuzlingen
8506131 02133  000011 11880  000065 001         Kreuzlingen
8506131 02135  000011 11884  000065 001         Kreuzlingen
8506131 02137  000011 11888  000065 001         Kreuzlingen
8506131 02139  000011 11892  000065 001         Kreuzlingen
8506131 02141  000065 11892  000065 001         Kreuzlingen
8506131 11811  000065 02106  000011 001         Kreuzlingen
8506131 11815  000065 02108  000011 001         Kreuzlingen
8506131 11819  000065 02110  000011 001         Kreuzlingen
8506131 11823  000065 02112  000011 001         Kreuzlingen
8506131 11827  000065 02114  000011 001         Kreuzlingen
8506131 11831  000065 02116  000011 001         Kreuzlingen
8506131 11835  000065 02118  000011 001         Kreuzlingen
8506131 11839  000065 02120  000011 001         Kreuzlingen
8506131 11843  000065 02122  000011 001         Kreuzlingen
8506131 11847  000065 02124  000011 001         Kreuzlingen
8506131 11851  000065 02126  000011 001         Kreuzlingen
8506131 11855  000065 02128  000011 001         Kreuzlingen
8506131 11859  000065 02130  000011 001         Kreuzlingen
8506131 11863  000065 02132  000011 001         Kreuzlingen
8506131 11867  000065 02134  000011 001         Kreuzlingen
8506131 11871  000065 02136  000011 001         Kreuzlingen
8506131 11875  000065 02138  000011 001         Kreuzlingen
8506131 11875  000065 02140  000065 001         Kreuzlingen
8506131 11879  000065 02142  000065 001         Kreuzlingen
8506131 11883  000065 02146  000065 001         Kreuzlingen
8506131 25808  000065 11011  000065 001         Kreuzlingen
8506200 11418  000082 11923  000065 006         Wattwil
8506200 11422  000082 11927  000065 006         Wattwil
8506200 11426  000082 11931  000065 006         Wattwil
8506200 11430  000082 11935  000065 006         Wattwil
8506200 11434  000082 11939  000065 006         Wattwil
8506200 11438  000082 11943  000065 006         Wattwil
8506200 11442  000082 11947  000065 006         Wattwil
8506200 11446  000082 11951  000065 006         Wattwil
8506200 11450  000082 11955  000065 006         Wattwil
8506200 11454  000082 11959  000065 006         Wattwil
8506200 11458  000082 11963  000065 006         Wattwil
8506200 11462  000082 11967  000065 006         Wattwil
8506200 11466  000082 11971  000065 006         Wattwil
8506200 11470  000082 11975  000065 006         Wattwil
8506200 11474  000082 11979  000065 006         Wattwil
8506200 11478  000082 11983  000065 006         Wattwil
8506200 11482  000082 11987  000065 006         Wattwil
8506200 11918  000065 11423  000082 005         Wattwil
8506200 11922  000065 11427  000082 005         Wattwil
8506200 11926  000065 11431  000082 005         Wattwil
8506200 11930  000065 11435  000082 005         Wattwil
8506200 11934  000065 11439  000082 005         Wattwil
8506200 11938  000065 11443  000082 005         Wattwil
8506200 11942  000065 11447  000082 005         Wattwil
8506200 11946  000065 11451  000082 005         Wattwil
8506200 11950  000065 11455  000082 005         Wattwil
8506200 11954  000065 11459  000082 005         Wattwil
8506200 11958  000065 11463  000082 005         Wattwil
8506200 11962  000065 11467  000082 005         Wattwil
8506200 11966  000065 11471  000082 005         Wattwil
8506200 11970  000065 11475  000082 005         Wattwil
8506200 11974  000065 11479  000082 005         Wattwil
8506200 11978  000065 11483  000082 005         Wattwil
8506200 11982  000065 11487  000082 005         Wattwil
8506201 11423  000082 11923  000065 007         Lichtensteig
8506201 11427  000082 11927  000065 007         Lichtensteig
8506201 11431  000082 11931  000065 007         Lichtensteig
8506201 11435  000082 11935  000065 007         Lichtensteig
8506201 11439  000082 11939  000065 007         Lichtensteig
8506201 11443  000082 11943  000065 007         Lichtensteig
8506201 11447  000082 11947  000065 007         Lichtensteig
8506201 11451  000082 11951  000065 007         Lichtensteig
8506201 11455  000082 11955  000065 007         Lichtensteig
8506201 11459  000082 11959  000065 007         Lichtensteig
8506201 11463  000082 11963  000065 007         Lichtensteig
8506201 11467  000082 11967  000065 007         Lichtensteig
8506201 11471  000082 11971  000065 007         Lichtensteig
8506201 11475  000082 11975  000065 007         Lichtensteig
8506201 11479  000082 11979  000065 007         Lichtensteig
8506201 11483  000082 11983  000065 007         Lichtensteig
8506201 11487  000082 11987  000065 007         Lichtensteig
8506290 11495  000082 88001  007000 000         Herisau
8506302 00701  000011 11321  000065 001         St. Gallen
8506302 11882  000065 11094  000065 001         St. Gallen
8506302 11886  000065 11186  000065 001         St. Gallen
8506302 11890  000065 11100  000065 001         St. Gallen
8506302 13613  000065 13614  000065 004         St. Gallen
8506302 13615  000065 13616  000065 004         St. Gallen
8506305 88206  007000 30286  000065 000         Goldach
8506305 88214  007000 30290  000065 000         Goldach
8506314 05737  817000 11423  000082 001         St. Margrethen
8506314 05741  817000 11427  000082 001         St. Margrethen
8506314 05745  817000 11431  000082 001         St. Margrethen
8506314 05749  817000 11435  000082 001         St. Margrethen
8506314 05753  817000 11439  000082 001         St. Margrethen
8506314 05757  817000 11443  000082 001         St. Margrethen
8506314 05761  817000 11447  000082 001         St. Margrethen
8506314 05765  817000 11451  000082 001         St. Margrethen
8506314 05769  817000 11455  000082 001         St. Margrethen
8506314 05773  817000 11459  000082 001         St. Margrethen
8506314 05777  817000 11463  000082 001         St. Margrethen
8506314 05781  817000 11467  000082 001         St. Margrethen
8506314 05785  817000 11471  000082 001         St. Margrethen
8506314 05789  817000 11475  000082 001         St. Margrethen
8506314 05791  817000 11479  000082 001         St. Margrethen
8506314 05793  817000 11483  000082 001         St. Margrethen
8506314 05795  817000 11487  000082 001         St. Margrethen
8506314 05797  817000 11491  000082 001         St. Margrethen
8506314 11317  000065 05734  817000 001         St. Margrethen
8506314 11321  000065 05738  817000 001         St. Margrethen
8506314 11325  000065 05742  817000 001         St. Margrethen
8506314 11329  000065 05746  817000 001         St. Margrethen
8506314 11333  000065 05750  817000 001         St. Margrethen
8506314 11337  000065 05754  817000 001         St. Margrethen
8506314 11341  000065 05758  817000 001         St. Margrethen
8506314 11345  000065 05762  817000 001         St. Margrethen
8506314 11349  000065 05766  817000 001         St. Margrethen
8506314 11353  000065 05770  817000 001         St. Margrethen
8506314 11357  000065 05774  817000 001         St. Margrethen
8506314 11361  000065 05778  817000 001         St. Margrethen
8506314 11365  000065 05782  817000 001         St. Margrethen
8506314 11369  000065 05786  817000 001         St. Margrethen
8507000 10738  000011 16489  000033 004  045324 Bern
8507000 10738  000011 16489  000033 004  049546 Bern
8507000 15390  000033 15191  000033 017         Bern
8507000 15390  000033 15293  000033 013         Bern
8507000 16488  000033 15191  000033 007         Bern
8507100 00480  007001 01093  000011 000  117586 Thun
8507100 00482  007001 00989  000011 000  117586 Thun
8507100 00484  007001 01097  000011 000  155255 Thun
8507100 00486  007001 00991  000011 000  155254 Thun
8507100 00992  000011 00491  007001 000  117586 Thun
8507100 06639  000033 00831  000011 001         Thun
8507290 02240  000064 06842  000033 001         Zweisimmen
8507483 00051  000011 06712  000033 002         Spiez
8507483 00057  000011 06724  000033 002         Spiez
8507483 00059  000011 06734  000033 002         Spiez
8507483 01063  000011 06716  000033 002         Spiez
8507483 01067  000011 06720  000033 002         Spiez
8507483 01075  000011 06728  000033 002         Spiez
8507483 01079  000011 06732  000033 002         Spiez
8508394 21418  000086 21418  007050 007         Wolfenschiessen
8508394 21422  000086 21422  007050 007         Wolfenschiessen
8508394 21425  007050 21425  000086 012         Wolfenschiessen
8508394 21429  007050 21429  000086 012         Wolfenschiessen
8508394 21493  007050 21493  000086 017         Wolfenschiessen
8508394 22419  007050 22419  000086 008         Wolfenschiessen
8509000 01505  000072 00560  000011 004         Chur
8509000 01509  000072 00562  000011 004         Chur
8509000 01511  000072 00564  000011 004         Chur
8509000 01513  000072 00566  000011 004         Chur
8509000 01515  000072 00568  000011 004         Chur
8509000 01517  000072 00570  000011 004         Chur
8509000 01519  000072 00572  000011 004         Chur
8509000 01521  000072 00574  000011 004         Chur
8509000 01523  000072 00576  000011 004         Chur
8509000 01525  000072 00578  000011 004         Chur
8509000 01527  000072 00580  000011 004         Chur
8509000 01529  000072 00582  000011 004         Chur
8509000 01531  000072 00584  000011 004         Chur
8509000 01717  000072 00912  000011 004         Chur
8509000 01725  000072 00916  000011 004         Chur
8509000 01733  000072 00072  000011 004         Chur
8509000 01741  000072 00070  000011 004         Chur
8509000 01749  000072 00928  000011 004         Chur
8509000 01757  000072 01256  000011 004         Chur
8509000 01761  000072 00934  000011 004         Chur
8509000 01765  000072 00936  000011 004         Chur
8509002 01511  000072 01225  000072 007         Landquart
8509002 01513  000072 01229  000072 007         Landquart
8509002 01515  000072 01233  000072 007         Landquart
8509002 01517  000072 01237  000072 007         Landquart
8509002 01519  000072 01241  000072 007         Landquart
8509002 01521  000072 01245  000072 007         Landquart
8509002 01523  000072 01249  000072 007         Landquart
8509002 01525  000072 01253  000072 007         Landquart
8509002 01527  000072 01257  000072 007         Landquart
8509002 01529  000072 01261  000072 007         Landquart
8509002 01531  000072 01265  000072 007         Landquart
8509002 12221  000065 03258  000011 007         Landquart
8509002 12225  000065 03260  000011 007         Landquart
8509002 12229  000065 03262  000011 007         Landquart
8509002 12233  000065 03264  000011 007         Landquart
8509002 12237  000065 03266  000011 007         Landquart
8509002 12241  000065 03268  000011 007         Landquart
8509002 12245  000065 03270  000011 007         Landquart
8509002 12249  000065 03272  000011 007         Landquart
8509002 12253  000065 03274  000011 007         Landquart
8509002 12257  000065 03276  000011 007         Landquart
8509002 12261  000065 03278  000011 007         Landquart
8509002 12265  000065 03280  000011 007         Landquart
8509002 12269  000065 03282  000011 007         Landquart
8509002 12273  000065 03284  000011 007         Landquart
8509002 12277  000065 03286  000011 007         Landquart
8509060 01016  000072 01021  000072 004         Schiers
8509167 01755  000072 01752  000072 003  000010 Trin
8509167 01759  000072 01756  000072 004  000010 Trin
8509167 01763  000072 01760  000072 004  000010 Trin
8509168 01754  000072 01757  000072 004         Versam-Safien
8509181 01552  000072 01125  000072 003         Domat/Ems
8509181 01554  000072 01129  000072 003         Domat/Ems
8509181 01556  000072 01133  000072 003         Domat/Ems
8509181 01558  000072 01137  000072 003         Domat/Ems
8509181 01560  000072 01141  000072 003         Domat/Ems
8509181 01562  000072 01145  000072 003         Domat/Ems
8509181 01564  000072 01149  000072 003         Domat/Ems
8509181 01566  000072 01153  000072 003         Domat/Ems
8509181 01568  000072 01157  000072 003         Domat/Ems
8509181 01570  000072 01161  000072 003         Domat/Ems
8509181 01572  000072 01165  000072 003         Domat/Ems
8509181 01574  000072 01169  000072 004         Domat/Ems
8509181 01720  000072 01549  000072 003         Domat/Ems
8509181 01724  000072 01551  000072 003         Domat/Ems
8509181 01728  000072 01553  000072 003         Domat/Ems
8509181 01732  000072 01555  000072 003         Domat/Ems
8509181 01736  000072 01557  000072 003         Domat/Ems
8509181 01740  000072 01559  000072 003         Domat/Ems
8509181 01744  000072 01561  000072 003         Domat/Ems
8509181 01748  000072 01563  000072 003         Domat/Ems
8509181 01752  000072 01565  000072 003         Domat/Ems
8509181 01754  000072 01759  000072 003  000010 Domat/Ems
8509181 01756  000072 01567  000072 003         Domat/Ems
8509181 01760  000072 01569  000072 003         Domat/Ems
8509181 01764  000072 01571  000072 003         Domat/Ems
8509183 01546  000072 01117  000072 003         Reichenau-Tamins
8509198 01124  000072 01117  000072 004         Preda
8509198 01128  000072 01121  000072 005         Preda
8509198 01132  000072 01125  000072 005         Preda
8509198 01136  000072 01129  000072 004         Preda
8509198 01140  000072 01133  000072 005         Preda
8509198 01144  000072 01137  000072 004         Preda
8509198 01148  000072 01141  000072 005         Preda
8509198 01152  000072 01145  000072 004         Preda
8509198 01156  000072 01149  000072 005         Preda
8509198 01160  000072 01153  000072 004         Preda
8509198 01164  000072 01157  000072 005         Preda
8509198 01168  000072 01161  000072 003         Preda
8509198 01172  000072 01165  000072 003         Preda
8509250 01965  000072 01165  000072 006         Bever
8509250 01969  000072 01169  000072 003         Bever
8516161 15491  000033 75491  007000 001  044850 Bern Wankdorf
